30:-5:0

66.295265,83.802817,0.647887,8.000000,3.000000,4.000000,1.000000,46.000000,121.000000,2.000000,3.000000,52.924791,72.820193,53.348991,

56.757836,72.581057,2.045714,24.000000,6.000000,16.000000,2.000000,1074.000000,2166.000000,42.000000,47.000000,34.477940,73.713307,35.283820,

44.803184,61.568071,2.900612,28.000000,6.000000,12.000000,10.000000,1897.000000,3744.000000,27.000000,58.000000,16.438154,72.999420,16.814873,

75.807941,59.544531,2.789000,171.000000,85.000000,30.000000,56.000000,2789.000000,1310.000000,26.000000,139.000000,23.822715,73.855680,24.276429,

19.575283,84.030158,0.278375,133.000000,8.000000,21.000000,104.000000,233.000000,5037.000000,15.000000,29.000000,15.615520,71.361682,15.835796,

63.293864,86.789668,0.505650,30.000000,12.000000,5.000000,13.000000,179.000000,682.000000,6.000000,21.000000,53.336921,75.562678,53.614365,

51.181102,57.522124,0.847059,42.000000,11.000000,13.000000,18.000000,288.000000,372.000000,5.000000,9.000000,12.729659,71.599880,13.283707,

72.035139,89.130435,0.413793,9.000000,2.000000,7.000000,0.000000,60.000000,191.000000,4.000000,7.000000,62.664714,71.703671,63.148028,

94.906166,89.658084,0.616352,19.000000,18.000000,1.000000,0.000000,490.000000,228.000000,4.000000,31.000000,83.869526,73.056853,83.943276,

71.453287,90.273224,0.497207,10.000000,5.000000,5.000000,0.000000,89.000000,330.000000,7.000000,10.000000,63.148789,66.541017,63.676203,

57.372917,59.906419,4.570000,26.000000,7.000000,16.000000,3.000000,2742.000000,3044.000000,34.000000,53.000000,18.498810,73.778524,18.953311,

673.5,834.8,16.11,500,163,130,207,9887,17225,172,407,437.5,797.0,442.2,

0.367518

69.080780,87.323944,0.507042,8.000000,3.000000,5.000000,0.000000,36.000000,111.000000,2.000000,6.000000,58.495822,72.642365,58.920022,

58.614494,70.661853,2.321905,24.000000,8.000000,14.000000,2.000000,1219.000000,2073.000000,37.000000,44.000000,33.539629,73.523139,34.246760,

45.731977,60.847391,3.051988,28.000000,6.000000,12.000000,10.000000,1996.000000,3681.000000,30.000000,59.000000,15.863187,73.012198,16.283483,

75.937211,58.583844,2.907000,171.000000,84.000000,34.000000,53.000000,2907.000000,1303.000000,29.000000,147.000000,21.717452,73.807899,22.225723,

19.543350,81.437126,0.333333,133.000000,9.000000,21.000000,103.000000,279.000000,5039.000000,17.000000,27.000000,14.817180,71.650194,15.068573,

63.401507,85.115607,0.581921,30.000000,12.000000,5.000000,13.000000,206.000000,680.000000,6.000000,21.000000,51.991389,75.535399,52.268832,

53.018373,54.668471,0.985294,42.000000,11.000000,14.000000,17.000000,335.000000,358.000000,5.000000,9.000000,8.398950,71.561689,8.952999,

72.035139,89.130435,0.413793,9.000000,2.000000,7.000000,0.000000,60.000000,191.000000,4.000000,7.000000,62.664714,71.703671,63.148028,

95.062556,89.767932,0.610063,19.000000,18.000000,1.000000,0.000000,485.000000,221.000000,4.000000,33.000000,84.137623,73.021043,84.211372,

71.972318,90.336591,0.497207,10.000000,5.000000,5.000000,0.000000,89.000000,324.000000,7.000000,11.000000,63.667820,66.483839,64.195234,

57.596975,59.660574,4.635000,26.000000,7.000000,16.000000,3.000000,2781.000000,3028.000000,38.000000,57.000000,18.120711,73.771018,18.630569,

682.0,827.5,16.84,500,165,134,201,10393,17009,179,421,433.4,796.7,438.2,

0.360633

69.080780,87.323944,0.507042,8.000000,3.000000,5.000000,0.000000,36.000000,111.000000,2.000000,6.000000,58.495822,72.688944,58.920022,

58.634458,71.390374,2.241905,24.000000,6.000000,15.000000,3.000000,1177.000000,2072.000000,37.000000,50.000000,34.398083,73.317405,35.105215,

46.675512,60.489110,3.162080,28.000000,6.000000,13.000000,9.000000,2068.000000,3617.000000,31.000000,61.000000,15.730503,73.035360,16.165338,

75.198523,58.396673,2.901000,171.000000,81.000000,33.000000,57.000000,2901.000000,1343.000000,35.000000,140.000000,20.978763,73.852608,21.596375,

19.543350,80.685564,0.350060,133.000000,9.000000,22.000000,102.000000,293.000000,5039.000000,17.000000,27.000000,14.593645,71.579456,14.845038,

64.747040,85.379702,0.581921,30.000000,11.000000,6.000000,13.000000,206.000000,655.000000,4.000000,26.000000,53.444564,75.639099,53.622230,

53.018373,53.439153,1.035294,42.000000,11.000000,14.000000,17.000000,352.000000,358.000000,5.000000,9.000000,6.167979,71.574302,6.722027,

72.035139,89.130435,0.413793,9.000000,2.000000,7.000000,0.000000,60.000000,191.000000,4.000000,7.000000,62.664714,71.703671,63.148028,

95.375335,89.309623,0.642767,19.000000,18.000000,1.000000,0.000000,511.000000,207.000000,4.000000,34.000000,83.869526,72.990540,83.943276,

72.491349,91.684902,0.424581,10.000000,6.000000,4.000000,0.000000,76.000000,318.000000,7.000000,10.000000,65.311419,66.576064,65.838833,

57.484946,59.665698,4.625000,26.000000,7.000000,16.000000,3.000000,2775.000000,3036.000000,36.000000,55.000000,18.120711,73.771071,18.602882,

684.3,826.9,16.89,500,160,136,204,10455,16947,182,425,433.8,796.7,438.5,

0.360564

69.080780,87.323944,0.507042,8.000000,3.000000,5.000000,0.000000,36.000000,111.000000,2.000000,6.000000,58.495822,72.688944,58.920022,

58.814135,69.285042,2.487619,24.000000,8.000000,14.000000,2.000000,1306.000000,2063.000000,38.000000,50.000000,31.982432,73.360865,32.709302,

49.948400,60.738616,3.348624,28.000000,6.000000,13.000000,9.000000,2190.000000,3395.000000,30.000000,60.000000,17.219519,73.095283,17.639815,

74.589104,58.115108,2.911000,171.000000,80.000000,33.000000,58.000000,2911.000000,1376.000000,38.000000,140.000000,20.129271,73.982091,20.801642,

19.830752,78.607595,0.403823,133.000000,9.000000,23.000000,101.000000,338.000000,5021.000000,18.000000,27.000000,14.146575,71.488705,14.413560,

64.747040,85.379702,0.581921,30.000000,11.000000,6.000000,13.000000,206.000000,655.000000,4.000000,26.000000,53.444564,75.639099,53.622230,

53.018373,53.439153,1.035294,42.000000,11.000000,14.000000,17.000000,352.000000,358.000000,5.000000,9.000000,6.167979,71.574302,6.722027,

73.060029,88.790036,0.434483,9.000000,3.000000,6.000000,0.000000,63.000000,184.000000,4.000000,6.000000,63.250366,71.488052,63.733679,

95.218945,89.070010,0.657862,19.000000,18.000000,1.000000,0.000000,523.000000,214.000000,5.000000,36.000000,83.422699,73.024077,83.517021,

72.577855,90.604752,0.486034,10.000000,6.000000,4.000000,0.000000,87.000000,317.000000,6.000000,10.000000,64.532872,66.558016,64.978798,

57.484946,59.665698,4.625000,26.000000,7.000000,16.000000,3.000000,2775.000000,3036.000000,36.000000,55.000000,18.120711,73.771071,18.602882,

688.4,821.0,17.48,500,162,135,203,10787,16730,186,425,430.9,796.7,435.7,

0.357805

68.245125,87.813620,0.478873,8.000000,3.000000,5.000000,0.000000,34.000000,114.000000,3.000000,6.000000,57.938719,72.163557,58.606669,

58.434817,69.856802,2.405714,24.000000,5.000000,16.000000,3.000000,1263.000000,2082.000000,42.000000,52.000000,32.381713,73.337727,33.187593,

49.727259,59.699115,3.481651,28.000000,6.000000,13.000000,9.000000,2277.000000,3410.000000,26.000000,56.000000,15.774731,73.248400,16.136940,

75.697138,58.406954,2.919000,171.000000,84.000000,31.000000,56.000000,2919.000000,1316.000000,28.000000,146.000000,21.274238,73.901198,21.764314,

19.878652,78.203518,0.414576,133.000000,9.000000,23.000000,101.000000,347.000000,5018.000000,18.000000,28.000000,14.050774,71.576602,14.317759,

64.747040,85.379702,0.581921,30.000000,11.000000,6.000000,13.000000,206.000000,655.000000,4.000000,26.000000,53.444564,75.639099,53.622230,

53.018373,54.816825,0.979412,42.000000,11.000000,14.000000,17.000000,333.000000,358.000000,5.000000,9.000000,8.661417,71.538380,9.215466,

73.060029,87.697715,0.482759,9.000000,3.000000,6.000000,0.000000,70.000000,184.000000,4.000000,6.000000,62.225476,71.533441,62.708789,

95.218945,89.070010,0.657862,19.000000,18.000000,1.000000,0.000000,523.000000,214.000000,5.000000,36.000000,83.422699,73.024077,83.517021,

73.702422,86.938776,0.715084,10.000000,6.000000,4.000000,0.000000,128.000000,304.000000,5.000000,11.000000,62.197232,66.447071,62.562444,

57.484946,59.665698,4.625000,26.000000,7.000000,16.000000,3.000000,2775.000000,3036.000000,36.000000,55.000000,18.120711,73.771071,18.602882,

689.2,817.5,17.74,500,163,135,202,10875,16691,176,431,429.5,796.2,434.2,

0.356901

68.245125,87.813620,0.478873,8.000000,3.000000,5.000000,0.000000,34.000000,114.000000,3.000000,6.000000,57.938719,72.163557,58.606669,

58.255141,68.481577,2.558095,24.000000,6.000000,15.000000,3.000000,1343.000000,2091.000000,40.000000,48.000000,30.644839,73.188042,31.411204,

51.879699,60.092213,3.573394,28.000000,6.000000,14.000000,8.000000,2337.000000,3264.000000,29.000000,60.000000,16.998378,73.053649,17.404141,

75.438596,57.803877,2.982000,171.000000,82.000000,33.000000,56.000000,2982.000000,1330.000000,33.000000,143.000000,19.759926,73.858694,20.341062,

19.990420,81.351527,0.342891,133.000000,10.000000,21.000000,102.000000,287.000000,5011.000000,14.000000,26.000000,15.184416,71.503860,15.389173,

64.747040,85.379702,0.581921,30.000000,11.000000,6.000000,13.000000,206.000000,655.000000,4.000000,26.000000,53.444564,75.639099,53.622230,

53.018373,54.816825,0.979412,42.000000,11.000000,14.000000,17.000000,333.000000,358.000000,5.000000,9.000000,8.661417,71.538380,9.215466,

73.060029,87.697715,0.482759,9.000000,3.000000,6.000000,0.000000,70.000000,184.000000,4.000000,6.000000,62.225476,71.533441,62.708789,

95.218945,89.070010,0.657862,19.000000,18.000000,1.000000,0.000000,523.000000,214.000000,5.000000,36.000000,83.422699,73.024077,83.517021,

73.702422,87.384615,0.687151,10.000000,6.000000,4.000000,0.000000,123.000000,304.000000,5.000000,11.000000,62.629758,66.446265,62.994970,

57.484946,59.665698,4.625000,26.000000,7.000000,16.000000,3.000000,2775.000000,3036.000000,36.000000,55.000000,18.120711,73.771071,18.602882,

691.0,819.6,17.95,500,163,135,202,11013,16561,178,426,429.0,795.7,433.8,

0.356669

67.966574,89.377289,0.408451,8.000000,3.000000,4.000000,1.000000,29.000000,115.000000,2.000000,6.000000,59.331476,72.369812,59.755677,

57.236973,68.934840,2.460952,24.000000,6.000000,15.000000,3.000000,1292.000000,2142.000000,43.000000,48.000000,30.584947,73.309157,31.410592,

52.616836,58.013654,3.949541,28.000000,8.000000,12.000000,8.000000,2583.000000,3214.000000,30.000000,61.000000,14.094059,72.888820,14.514354,

74.718375,57.692856,2.967000,171.000000,79.000000,35.000000,57.000000,2967.000000,1369.000000,33.000000,137.000000,19.316713,73.963076,19.897849,

20.150088,79.072682,0.399044,133.000000,10.000000,21.000000,102.000000,334.000000,5001.000000,14.000000,26.000000,14.593645,71.600703,14.798402,

64.747040,85.379702,0.581921,30.000000,11.000000,6.000000,13.000000,206.000000,655.000000,4.000000,26.000000,53.444564,75.639099,53.622230,

53.018373,54.816825,0.979412,42.000000,11.000000,14.000000,17.000000,333.000000,358.000000,5.000000,9.000000,8.661417,71.538380,9.215466,

73.060029,87.697715,0.482759,9.000000,3.000000,6.000000,0.000000,70.000000,184.000000,4.000000,6.000000,62.225476,71.533441,62.708789,

95.151921,89.212401,0.647799,19.000000,18.000000,1.000000,0.000000,515.000000,217.000000,6.000000,35.000000,83.512064,73.070140,83.627232,

73.961938,87.782341,0.664804,10.000000,6.000000,4.000000,0.000000,119.000000,301.000000,5.000000,11.000000,63.235294,66.502567,63.600506,

57.484946,59.665698,4.625000,26.000000,7.000000,16.000000,3.000000,2775.000000,3036.000000,36.000000,55.000000,18.120711,73.771071,18.602882,

690.1,817.6,18.17,500,162,134,204,11223,16592,182,420,427.1,796.2,431.8,

0.350990

