68.0,89.4,0.41,8,3,4,1,29,115,2,6,59.3,72.4,59.8,
68.2,87.8,0.48,8,3,5,0,34,114,3,6,57.9,72.2,58.6,
68.2,87.8,0.48,8,3,5,0,34,114,3,6,57.9,72.2,58.6,
69.1,87.3,0.51,8,3,5,0,36,111,2,6,58.5,72.7,58.9,
69.1,87.3,0.51,8,3,5,0,36,111,2,6,58.5,72.7,58.9,
69.1,87.3,0.51,8,3,5,0,36,111,2,6,58.5,72.6,58.9,
66.3,83.8,0.65,8,3,4,1,46,121,2,3,52.9,72.8,53.3,
57.2,68.9,2.46,24,6,15,3,1292,2142,43,48,30.6,73.3,31.4,
58.3,68.5,2.56,24,6,15,3,1343,2091,40,48,30.6,73.2,31.4,
58.4,69.9,2.41,24,5,16,3,1263,2082,42,52,32.4,73.3,33.2,
58.8,69.3,2.49,24,8,14,2,1306,2063,38,50,32.0,73.4,32.7,
58.6,71.4,2.24,24,6,15,3,1177,2072,37,50,34.4,73.3,35.1,
58.6,70.7,2.32,24,8,14,2,1219,2073,37,44,33.5,73.5,34.2,
56.8,72.6,2.05,24,6,16,2,1074,2166,42,47,34.5,73.7,35.3,
52.6,58.0,3.95,28,8,12,8,2583,3214,30,61,14.1,72.9,14.5,
51.9,60.1,3.57,28,6,14,8,2337,3264,29,60,17.0,73.1,17.4,
49.7,59.7,3.48,28,6,13,9,2277,3410,26,56,15.8,73.2,16.1,
49.9,60.7,3.35,28,6,13,9,2190,3395,30,60,17.2,73.1,17.6,
46.7,60.5,3.16,28,6,13,9,2068,3617,31,61,15.7,73.0,16.2,
45.7,60.8,3.05,28,6,12,10,1996,3681,30,59,15.9,73.0,16.3,
69.1,87.3,0.51,8,3,5,0,36,111,2,6,58.5,72.6,58.9,




68.0,89.4,0.41,8,3,4,1,29,115,2,6,59.3,72.4,59.8,
56.8,72.6,2.05,24,6,16,2,1074,2166,42,47,34.5,73.7,35.3,
49.9,60.7,3.35,28,6,13,9,2190,3395,30,60,17.2,73.1,17.6,
75.8,59.5,2.79,171,85,30,56,2789,1310,26,139,23.8,73.9,24.3,
19.6,84.0,0.28,133,8,21,104,233,5037,15,29,15.6,71.4,15.8,
64.7,85.4,0.58,30,11,6,13,206,655,4,26,53.4,75.6,53.6,
51.2,57.5,0.85,42,11,13,18,288,372,5,9,12.7,71.6,13.3,
73.1,88.8,0.43,9,3,6,0,63,184,4,6,63.3,71.5,63.7,
95.1,89.8,0.61,19,18,1,0,485,221,4,33,84.1,73.0,84.2,
72.5,91.7,0.42,10,6,4,0,76,318,7,10,65.3,66.6,65.8,
57.4,59.9,4.57,26,7,16,3,2742,3044,34,53,18.5,73.8,19.0,
684.0,839.3,16.34,500,164,130,206,10175,16817,173,418,447.8,796.5,452.4,

0.370277

68.0,89.4,0.41,8,3,4,1,29,115,2,6,59.3,72.4,59.8,
56.8,72.6,2.05,24,6,16,2,1074,2166,42,47,34.5,73.7,35.3,
49.9,60.7,3.35,28,6,13,9,2190,3395,30,60,17.2,73.1,17.6,
75.8,59.5,2.79,171,85,30,56,2789,1310,26,139,23.8,73.9,24.3,
19.6,84.0,0.28,133,8,21,104,233,5037,15,29,15.6,71.4,15.8,
64.7,85.4,0.58,30,11,6,13,206,655,4,26,53.4,75.6,53.6,
51.2,57.5,0.85,42,11,13,18,288,372,5,9,12.7,71.6,13.3,
73.1,88.8,0.43,9,3,6,0,63,184,4,6,63.3,71.5,63.7,
95.1,89.8,0.61,19,18,1,0,485,221,4,33,84.1,73.0,84.2,
72.5,91.7,0.42,10,6,4,0,76,318,7,10,65.3,66.6,65.8,
57.4,59.9,4.57,26,7,16,3,2742,3044,34,53,18.5,73.8,19.0,
684.0,839.3,16.34,500,164,130,206,10175,16817,173,418,447.8,796.5,452.4,

0.370277


引入了置信度,对于边打链接
71.0,87.6,0.51,8,4,3,1,36,104,1,6,60.7,72.1,60.9,
58.9,73.2,2.06,24,7,15,2,1079,2061,45,48,36.4,73.5,37.3,
49.2,59.8,3.43,28,6,13,9,2244,3446,28,60,15.7,73.1,16.1,
75.7,59.3,2.82,171,82,35,54,2817,1318,32,140,23.0,73.7,23.6,
19.4,82.5,0.31,133,6,24,103,258,5049,14,29,15.0,71.1,15.2,
67.8,85.7,0.59,30,12,6,12,210,598,4,26,56.3,75.6,56.5,
51.3,58.2,0.83,42,12,12,18,281,371,2,7,14.2,71.7,14.4,
71.9,89.1,0.41,9,3,6,0,60,192,4,6,62.5,71.6,63.0,
95.3,89.3,0.64,19,18,1,0,510,212,10,34,83.6,73.0,83.8,
75.0,91.0,0.48,10,6,4,0,86,289,7,10,67.0,66.2,67.5,
56.8,59.7,4.56,26,7,16,3,2736,3088,34,54,18.0,73.7,18.4,
692.2,835.4,16.63,500,163,135,202,10317,16728,181,420,452.5,795.3,456.7,

0.368863

67.4,83.2,0.69,8,3,4,1,49,117,6,6,52.1,72.2,53.5,

59.3,73.7,2.02,24,8,14,2,1061,2038,41,49,37.3,73.7,38.1,
50.2,60.3,3.42,28,6,13,9,2237,3381,29,62,16.7,73.0,17.2,
76.0,57.4,3.06,171,84,35,52,3059,1299,32,144,18.9,73.8,19.5,


34.2,93.4,0.23,24,1,12,11,121,3298,15,24,31.4,75.0,31.7,
44.0,55.7,3.63,28,6,14,8,2375,3801,28,56,8.5,73.1,8.9,
46.0,82.1,0.54,171,37,29,105,542,2922,9,81,35.9,76.0,36.0,
7.4,89.4,0.07,133,1,14,118,55,5800,6,10,6.4,74.1,6.5,
40.3,89.0,0.26,30,6,6,18,92,1110,2,6,35.2,77.3,35.3,
40.6,86.1,0.15,42,7,10,25,50,453,1,1,33.9,73.0,33.9,
70.6,95.1,0.17,9,2,7,0,25,201,3,9,66.5,71.5,66.8,
94.1,92.5,0.43,19,18,1,0,341,263,7,32,86.3,73.2,86.5,
63.0,83.4,0.63,8,3,5,0,45,133,0,6,50.4,72.4,50.4,
71.0,92.5,0.37,10,5,5,0,67,335,4,8,64.9,66.6,65.2,
38.4,78.0,1.29,26,3,12,11,774,4399,22,27,27.3,74.8,27.5,
549.4,937.1,7.78,500,89,115,296,4487,22715,97,260,446.7,807.0,448.8,

0.367170

48.0,89.8,0.52,24,3,16,5,272,2605,28,41,42.0,73.9,42.5,
40.8,69.3,1.88,28,6,12,10,1228,4015,27,50,22.3,73.5,22.7,
72.5,62.6,2.34,171,79,32,60,2342,1488,30,131,28.7,74.2,29.2,
16.7,82.6,0.26,133,5,23,105,220,5215,16,29,13.0,72.1,13.2,
51.0,88.0,0.36,30,9,8,13,129,910,6,12,43.8,76.7,44.0,
48.0,71.6,0.43,42,11,10,21,145,396,1,2,28.9,72.1,29.0,
66.9,94.6,0.18,9,2,6,1,26,226,2,8,62.8,71.5,63.0,
95.1,88.5,0.70,19,18,1,0,555,220,13,38,82.4,73.0,82.7,
63.0,83.4,0.63,8,3,5,0,45,133,0,6,50.4,72.4,50.4,
73.5,89.2,0.58,10,6,4,0,103,306,5,10,64.2,66.6,64.6,
53.6,62.5,3.83,26,5,17,4,2301,3311,37,46,20.9,74.1,21.4,
629.2,882.2,11.71,500,147,134,219,7366,18825,165,373,459.3,800.1,462.7,

0.389031

17.8,95.5,0.04,8,0,3,5,3,295,0,3,17.0,69.0,17.0,
63.0,87.9,0.44,8,3,5,0,31,133,0,6,54.3,72.4,54.3,
67.1,87.6,0.48,8,3,4,1,34,118,6,7,56.0,71.8,57.4,


67.4,84.0,0.65,8,3,5,0,46,117,7,7,52.6,71.6,54.3,
57.0,69.2,2.42,24,6,16,2,1271,2154,46,48,30.7,73.5,31.6,
49.9,60.1,3.44,28,7,11,10,2249,3398,26,60,16.4,73.1,16.7,


53.0,83.1,1.03,24,3,18,3,542,2352,38,47,41.5,73.2,42.2,
48.7,58.0,3.65,28,7,14,7,2390,3480,31,62,13.0,73.1,13.4,
72.6,62.4,2.37,171,80,32,59,2369,1483,22,130,28.5,74.0,28.8,
18.7,85.4,0.24,133,7,24,102,201,5091,9,18,15.4,71.9,15.5,
66.4,89.8,0.40,30,10,7,13,140,625,4,25,58.6,75.7,58.8,
52.4,54.5,0.98,42,12,12,18,333,363,2,6,8.4,71.9,8.6,
64.7,89.1,0.37,9,3,6,0,54,241,2,4,56.5,72.0,56.7,
95.2,90.3,0.58,19,18,1,0,458,214,8,32,84.8,73.0,85.0,
69.6,90.3,0.38,8,3,4,1,27,109,2,3,61.6,72.3,62.0,
71.5,91.7,0.42,10,5,5,0,75,330,5,8,64.5,66.5,64.9,
56.3,61.3,4.24,26,6,17,3,2542,3122,36,59,20.2,73.5,20.7,
669.1,855.7,14.66,500,154,140,206,9131,17410,159,394,452.9,797.0,456.6,

0.381056 DUMMY=15

51.3,84.9,0.87,24,3,17,4,456,2440,27,36,41.6,73.5,42.2,
45.9,57.7,3.49,28,8,11,9,2283,3668,22,51,11.9,73.3,12.2,
71.9,63.6,2.23,171,75,33,63,2231,1523,24,124,30.2,73.9,30.6,
16.3,83.1,0.25,133,6,22,105,207,5243,1,13,13.0,71.6,13.0,
66.3,90.7,0.36,30,12,6,12,127,626,5,22,59.2,75.5,59.4,
54.3,52.7,1.09,42,13,10,19,372,348,2,5,5.2,71.8,5.4,
77.3,88.7,0.46,9,5,4,0,67,155,3,4,67.1,71.9,67.4,
95.3,89.7,0.62,19,18,1,0,491,209,7,32,84.2,73.0,84.3,
69.6,90.3,0.38,8,3,4,1,27,109,2,3,61.6,72.3,62.0,
74.8,90.0,0.54,10,6,4,0,96,291,5,6,66.1,66.1,66.5,
55.6,63.1,3.87,26,6,18,2,2324,3172,29,51,22.6,73.6,23.0,
678.7,854.4,14.16,500,155,130,215,8681,17784,127,347,462.8,796.5,466.1,

0.383560(和目前最优的mot16一样的参数)DUMMY=20 min0.1
6
53.1,52.8,1.06,42,12,10,20,362,357,2,4,5.4,71.7,5.6,
42.7,56.1,0.75,42,8,12,22,254,437,0,6,9.3,71.8,9.3,
6min0.3  全部用于拟合平面
49.5,57.7,0.81,42,11,9,22,276,385,2,5,13.0,72.4,13.2,

2   min0.3
44.8,64.7,2.54,28,7,11,10,1661,3741,21,45,20.1,73.5,20.3,


50.9,87.3,0.70,24,4,15,5,370,2461,15,32,43.2,74.0,43.5,
44.8,64.7,2.54,28,7,11,10,1661,3741,21,45,20.1,73.5,20.3,
69.7,65.1,2.02,171,71,31,69,2025,1643,22,128,31.9,74.2,32.2,
17.2,84.1,0.24,133,3,26,104,204,5188,8,18,13.8,71.6,13.9,
63.1,92.6,0.27,30,8,8,14,94,685,7,21,57.7,76.1,58.0,
49.5,57.7,0.81,42,11,9,22,276,385,2,5,13.0,72.4,13.2,
76.6,88.6,0.46,9,5,4,0,67,160,3,4,66.3,71.9,66.7,
95.8,90.4,0.57,19,18,1,0,453,187,3,32,85.6,73.1,85.7,
74.1,93.3,0.27,8,3,4,1,19,93,1,5,68.5,72.6,68.7,
67.4,95.5,0.21,10,5,4,1,37,377,2,4,64.0,66.7,64.1,
56.0,69.0,2.99,26,6,18,2,1794,3142,29,54,30.5,73.7,30.9,
665.0,888.4,11.09,500,141,131,228,7000,18062,113,348,494.5,799.9,497.2,

0.416408

