28.3,68.9,3.80,54,7,17,30,2279,12795,60,73,15.1,75.8,15.5,
28.3,68.4,3.88,54,7,17,30,2327,12787,69,79,14.9,75.4,15.2,
28.3,71.4,3.37,54,6,18,30,2021,12779,53,70,16.7,75.7,17.0,
28.0,71.0,3.39,54,6,17,31,2034,12847,54,67,16.3,75.7,16.5,
28.4,70.7,3.50,54,7,17,30,2098,12768,58,69,16.3,75.7,16.6,
28.1,70.2,3.54,54,5,19,30,2126,12824,55,71,15.9,75.7,16.2,
28.1,71.3,3.35,54,5,19,30,2012,12827,60,79,16.5,75.5,16.8,
52.5,67.6,11.38,83,13,44,26,11945,22595,168,210,27.0,78.6,27.4,
28.3,68.9,3.80,54,7,17,30,2279,12795,60,73,15.1,75.8,15.5,
28.3,68.4,3.88,54,7,17,30,2327,12787,69,79,14.9,75.4,15.2,
28.3,71.4,3.37,54,6,18,30,2021,12779,53,70,16.7,75.7,17.0,
28.0,71.0,3.39,54,6,17,31,2034,12847,54,67,16.3,75.7,16.5,
28.4,70.7,3.50,54,7,17,30,2098,12768,58,69,16.3,75.7,16.6,
28.1,70.2,3.54,54,5,19,30,2126,12824,55,71,15.9,75.7,16.2,
28.1,71.3,3.35,54,5,19,30,2012,12827,60,79,16.5,75.5,16.8,
52.5,67.6,11.38,83,13,44,26,11945,22595,168,210,27.0,78.6,27.4,
52.3,68.2,11.04,83,13,44,26,11596,22668,159,199,27.6,78.7,27.9,
52.7,70.9,9.80,83,12,45,26,10285,22484,154,203,30.8,78.6,31.1,

忘记更改置信度，错成了100
20.6,91.8,0.54,54,5,13,36,326,14168,27,39,18.6,76.7,18.7,
43.4,93.4,1.40,83,9,40,34,1466,26898,97,103,40.2,80.2,40.4,
37.1,95.1,0.16,125,13,45,67,130,4289,25,40,34.8,77.8,35.2,
61.7,87.4,0.89,25,8,13,4,468,2014,26,32,52.3,75.4,52.8,
39.7,97.4,0.20,54,7,17,30,131,7424,27,39,38.4,77.2,38.7,
56.8,96.3,0.22,69,13,22,34,201,3960,22,25,54.4,80.4,54.6,
18.8,91.4,0.27,107,4,27,76,203,9293,21,37,16.9,74.5,17.0,

20.6,91.8,0.54,54,5,13,36,326,14168,27,39,18.6,76.7,18.7,
43.4,93.4,1.40,83,9,40,34,1466,26898,97,103,40.2,80.2,40.4,
37.1,95.1,0.16,125,13,45,67,130,4289,25,40,34.8,77.8,35.2,
61.7,87.4,0.89,25,8,13,4,468,2014,26,32,52.3,75.4,52.8,
39.7,97.4,0.20,54,7,17,30,131,7424,27,39,38.4,77.2,38.7,
56.8,96.3,0.22,69,13,22,34,201,3960,22,25,54.4,80.4,54.6,
18.8,91.4,0.27,107,4,27,76,203,9293,21,37,16.9,74.5,17.0,



嘉慧结果1
27.4,86.6,1.25,54,6,17,31,753,12953,46,63,22.9,75.7,23.1,
50.4,84.2,4.27,83,13,42,28,4479,23606,120,162,40.7,79.2,40.9,
42.2,85.3,0.59,125,18,46,61,496,3942,23,41,34.6,77.2,34.9,
66.9,77.3,1.97,25,9,13,3,1032,1741,27,29,46.7,74.6,47.2,
46.2,91.7,0.79,54,9,18,27,516,6632,41,72,41.6,76.1,42.0,
59.6,92.9,0.47,69,15,23,31,420,3705,22,26,54.8,80.0,55.0,
27.4,82.3,0.90,107,9,37,61,674,8316,35,72,21.2,73.5,21.5,
0.3698
嘉慧结果2
27.6,86.9,1.24,54,7,16,31,746,12903,45,65,23.2,75.7,23.5,
50.4,82.3,4.89,83,14,41,28,5139,23598,123,164,39.3,79.2,39.6,
42.2,84.2,0.65,125,18,47,60,541,3941,23,41,33.9,77.2,34.2,
65.6,78.6,1.79,25,9,13,3,940,1810,30,32,47.1,74.7,47.7,
46.4,92.3,0.73,54,9,19,26,476,6601,39,71,42.2,76.0,42.5,
59.6,93.2,0.45,69,14,24,31,401,3707,22,26,55.0,80.1,55.2,
27.3,82.7,0.87,107,9,38,60,654,8325,31,69,21.3,73.4,21.5,
319.1,600.2,10.62,517,80,198,239,8897,60885,313,468,262.0,536.3,264.2,
 0.3651

	我的结果
28.3,85.9,1.38,54,6,17,31,830,12789,48,69,23.4,75.5,23.6,
51.7,85.7,3.91,83,14,42,27,4109,22989,144,181,42.7,79.0,43.0,
46.4,85.0,0.67,125,24,47,54,559,3657,41,62,37.6,76.3,38.1,
68.5,75.0,2.28,25,10,13,2,1198,1656,33,38,45.1,74.6,45.7,
46.4,87.3,1.27,54,8,22,24,832,6607,41,75,39.3,76.0,39.6,
61.1,89.7,0.71,69,17,23,29,641,3567,24,27,53.9,79.8,54.1,
29.0,84.6,0.80,107,11,39,57,602,8133,40,80,23.3,73.3,23.7,
33.1    59.3    1.1    517    90    203    224    8771    59398     371    532    265    534    268

0.3792


28.5,85.7,1.42,54,7,16,31,852,12742,48,68,23.5,75.5,23.8,
51.6,85.9,3.83,83,14,42,27,4026,22997,141,177,42.9,79.0,43.2,
46.7,85.0,0.67,125,23,48,54,561,3635,38,62,37.9,76.2,38.4,
67.7,74.5,2.32,25,10,13,2,1217,1699,34,37,43.9,74.7,44.5,
46.7,87.2,1.29,54,9,21,24,842,6569,45,80,39.5,75.9,39.8,
61.2,89.8,0.71,69,16,24,29,639,3562,25,26,53.9,79.8,54.2,
28.8,83.8,0.85,107,12,38,57,637,8148,40,77,22.9,73.4,23.2,
331.2,591.9,11.09,517,91,202,224,8774,59352,371,527,264.5,534.5,267.1,

0.379612(参数为0.1


28.2,85.6,1.41,54,6,17,31,847,12808,48,65,23.2,75.6,23.4,
28.5,85.7,1.42,54,7,16,31,852,12742,48,68,23.5,75.5,23.8,
28.2,85.6,1.41,54,5,18,31,844,12797,49,70,23.2,75.4,23.5,
28.2,85.7,1.40,54,5,18,31,842,12806,47,63,23.2,75.6,23.5,
28.1,84.7,1.51,54,6,17,31,905,12817,51,73,22.8,75.5,23.0,
28.6,84.4,1.57,54,7,16,31,943,12733,55,71,23.0,75.6,23.3,
28.1,84.9,1.49,54,7,16,31,893,12816,49,67,22.9,75.8,23.1,
28.7,85.7,1.43,54,6,17,31,856,12722,52,66,23.6,75.4,23.9,
28.4,84.9,1.50,54,5,18,31,898,12775,47,69,23.1,75.5,23.3,
28.5,84.5,1.56,54,6,17,31,935,12751,49,71,23.0,75.7,23.2,
28.5,84.1,1.60,54,7,16,31,961,12745,47,69,22.9,75.5,23.1,
28.0,80.7,2.00,54,7,16,31,1197,12836,53,73,21.0,75.5,21.3,
21.0,83.8,1.21,54,3,17,34,726,14089,40,67,16.7,75.4,16.9,


27.6,83.5,1.62,54,7,15,32,972,12908,43,58,21.9,76.1,22.2,
51.1,90.0,2.58,83,14,42,27,2704,23250,116,147,45.2,79.2,45.4,
45.3,88.1,0.50,125,26,44,55,418,3729,24,52,38.8,76.7,39.2,
62.5,83.1,1.28,25,11,11,3,670,1971,30,31,49.2,75.3,49.7,
46.1,91.5,0.81,54,9,22,23,531,6636,40,67,41.5,76.0,41.8,
57.9,90.9,0.59,69,15,20,34,532,3864,19,24,51.9,79.8,52.1,
28.3,85.1,0.76,107,9,39,59,568,8207,35,68,23.0,73.6,23.3,
0.3908
27.3,81.8,1.80,54,6,16,32,1081,12960,45,59,21.0,75.9,21.3,
27.3,81.8,1.80,54,6,16,32,1081,12960,45,59,21.0,75.9,21.3,
51.5,89.4,2.77,83,14,42,27,2904,23053,121,149,45.2,79.1,45.4,
44.6,87.9,0.50,125,23,44,58,419,3780,27,50,38.0,76.7,38.4,
61.9,82.9,1.28,25,10,12,3,670,2005,42,38,48.3,75.1,49.1,
46.0,91.2,0.83,54,9,22,23,546,6655,39,66,41.2,75.9,41.5,
58.0,88.9,0.74,69,15,21,33,667,3849,22,27,50.5,79.7,50.8,
28.1,84.9,0.76,107,10,37,60,571,8231,33,63,22.8,73.5,23.1,
317.4,607.0,8.68,517,87,194,236,6858,60533,329,452,267.1,535.8,269.5,

0.386650

mot09  10 引入了更多的边，通过tsp边
61.8,84.3,1.15,25,11,11,3,606,2007,28,30,49.8,75.3,50.3,
46.1,91.2,0.84,54,9,22,23,549,6635,40,67,41.3,75.9,41.7,
108.0,175.5,1.99,79,20,33,26,1155,8642,68,97,91.1,151.3,91.9,

0.910651

62.5,79.2,1.64,25,11,10,4,863,1969,42,47,45.3,74.7,46.1,
45.7,90.1,0.94,54,10,19,25,616,6690,42,69,40.3,75.8,40.7,
108.2,169.3,2.59,79,21,29,29,1479,8659,84,116,85.7,150.6,86.8,

0.907418exp(x)-1不行，加边需要再考虑算法







27.6,83.3,1.65,54,6,16,32,988,12915,48,62,21.8,75.9,22.0,
51.1,89.9,2.60,83,14,42,27,2732,23267,116,145,45.1,79.2,45.3,
44.5,85.5,0.62,125,23,46,56,515,3787,24,47,36.6,76.8,36.9,
61.8,83.7,1.21,25,11,11,3,634,2007,28,30,49.2,75.3,49.7,
46.1,91.2,0.84,54,9,22,23,549,6635,40,67,41.3,75.9,41.7,
57.9,91.0,0.58,69,14,21,34,526,3866,23,23,51.9,79.8,52.1,
28.2,85.1,0.75,107,9,39,59,566,8224,31,68,22.9,73.6,23.2,
317.1,609.5,8.25,517,86,197,234,6510,60701,310,442,268.8,536.6,270.9,

0.388452

27.4,84.3,1.51,54,7,15,32,908,12952,43,60,22.0,76.1,22.3,
51.1,89.9,2.60,83,14,42,27,2732,23276,115,147,45.1,79.2,45.3,
44.5,86.8,0.55,125,23,45,57,462,3785,22,47,37.4,76.7,37.7,
62.6,83.8,1.21,25,11,11,3,634,1968,30,30,49.9,75.3,50.5,
46.2,90.8,0.88,54,9,22,23,573,6632,43,69,41.2,75.9,41.5,
57.8,91.4,0.56,69,14,22,33,500,3868,17,22,52.2,79.8,52.4,
28.2,85.1,0.75,107,9,39,59,566,8224,31,68,22.9,73.6,23.2,
317.6,612.1,8.06,517,87,196,234,6375,60705,301,443,270.7,536.7,272.8,

0.389720

27.6,84.2,1.54,54,7,15,32,927,12905,42,60,22.2,75.9,22.4,
51.1,90.0,2.57,83,14,42,27,2702,23265,121,149,45.1,79.3,45.4,
44.0,89.9,0.41,125,23,44,58,339,3816,15,42,38.8,77.0,39.0,
62.6,84.2,1.18,25,11,11,3,618,1964,26,35,50.4,75.3,50.9,
46.2,90.8,0.88,54,9,22,23,573,6632,43,69,41.2,75.9,41.5,
57.9,91.0,0.58,69,15,20,34,526,3865,19,25,51.9,79.8,52.1,
28.2,85.1,0.75,107,9,39,59,566,8224,31,68,22.9,73.6,23.2,
317.6,615.1,7.92,517,88,193,236,6251,60671,297,448,272.6,536.8,274.5,

0.391187

51.5,88.9,2.92,83,13,43,27,3068,23082,148,144,44.7,79.2,45.0,
51.7,90.1,2.57,83,14,41,28,2694,22966,99,131,45.8,79.1,46.0,


28.1,87.1,1.24,54,7,16,31,742,12820,34,52,23.8,76.0,23.9,////
51.7,90.1,2.57,83,14,41,28,2694,22966,99,131,45.8,79.1,46.0,////
45.6,85.6,0.62,125,25,42,58,523,3711,23,46,37.6,76.5,37.9,
61.4,80.3,1.51,25,11,10,4,793,2031,33,32,45.7,75.4,46.3,
46.3,90.6,0.91,54,9,20,25,592,6613,33,62,41.2,76.0,41.5,
58.3,91.2,0.57,69,15,20,34,513,3825,18,21,52.5,79.7,52.7,///////
28.0,84.7,0.77,107,9,36,62,579,8243,25,68,22.7,73.5,22.9,
319.4,609.6,8.18,517,90,185,242,6436,60209,265,412,269.3,536.3,271.2,

0.393986

27.9,87.0,1.24,54,7,16,31,743,12852,39,52,23.5,76.0,23.8,
51.7,90.2,2.54,83,14,41,28,2662,22984,99,131,45.9,79.1,46.1,
44.9,84.0,0.70,125,24,41,60,584,3760,11,44,36.1,76.7,36.3,
61.9,82.5,1.31,25,11,9,5,688,2005,26,32,48.3,75.3,48.7,
46.2,90.9,0.88,54,9,20,25,573,6624,37,64,41.3,76.0,41.6,
58.6,91.8,0.54,69,15,21,33,483,3801,16,20,53.1,79.8,53.3,
28.0,85.3,0.73,107,9,36,62,551,8244,24,65,23.0,73.5,23.2,
319.1,611.7,7.93,517,89,184,244,6284,60270,252,408,271.2,536.3,272.8,

0.394928
这是没有删其他框的

