292,1,488.12,232.75,37.052,84.079,-1,-1,-1,-1
293,1,492.3,233.48,38.326,86.972,-1,-1,-1,-1
294,1,497.54,234.2,39.547,89.742,-1,-1,-1,-1
295,1,503.71,234.55,39.954,90.666,-1,-1,-1,-1
296,1,510.89,234.76,40.045,90.872,-1,-1,-1,-1
297,1,520.14,234.89,40.045,90.872,-1,-1,-1,-1
298,1,527.6,234.96,40.045,90.873,-1,-1,-1,-1
185,3,304.87,182.74,56.932,129.19,-1,-1,-1,-1
186,3,304.48,179.85,57.373,130.18,-1,-1,-1,-1
187,3,304.6,177.86,57.601,130.7,-1,-1,-1,-1
188,3,304.2,177.4,58.894,133.64,-1,-1,-1,-1
189,3,303.88,177.56,60.331,136.9,-1,-1,-1,-1
190,3,304.95,182.35,58.975,133.83,-1,-1,-1,-1
191,3,305.9,185.23,59.933,136,-1,-1,-1,-1
192,3,310.16,190.18,57.852,131.28,-1,-1,-1,-1
193,3,311.32,191.62,57.302,130.03,-1,-1,-1,-1
194,3,310.34,190.62,58.079,131.79,-1,-1,-1,-1
195,3,306.3,186.24,60.88,138.15,-1,-1,-1,-1
196,3,305.83,184.58,61.886,140.43,-1,-1,-1,-1
197,3,308.43,183.91,62.166,141.06,-1,-1,-1,-1
198,3,310.27,182.25,62.772,142.44,-1,-1,-1,-1
199,3,309.36,178.72,63.999,145.23,-1,-1,-1,-1
200,3,309.33,177.23,64.244,145.79,-1,-1,-1,-1
201,3,309.66,176.52,64.101,145.46,-1,-1,-1,-1
202,3,310.1,176.09,63.838,144.87,-1,-1,-1,-1
203,3,310.58,175.73,63.553,144.22,-1,-1,-1,-1
204,3,311.07,175.39,63.273,143.58,-1,-1,-1,-1
205,3,311.57,175.05,62.999,142.96,-1,-1,-1,-1
206,3,312.1,174.73,62.732,142.35,-1,-1,-1,-1
207,3,312.7,174.44,62.479,141.78,-1,-1,-1,-1
208,3,313.47,174.2,62.278,141.32,-1,-1,-1,-1
209,3,314.68,174.1,62.218,141.19,-1,-1,-1,-1
210,3,316.06,174.07,62.208,141.16,-1,-1,-1,-1
211,3,317.51,174.11,62.211,141.17,-1,-1,-1,-1
212,3,318.97,174.29,62.216,141.18,-1,-1,-1,-1
213,3,320.4,174.79,62.218,141.19,-1,-1,-1,-1
214,3,321.73,176.1,62.219,141.19,-1,-1,-1,-1
215,3,322.76,179.54,62.217,141.18,-1,-1,-1,-1
216,3,324.55,178.52,62.212,141.17,-1,-1,-1,-1
217,3,328.85,182.01,62.202,141.15,-1,-1,-1,-1
218,3,329.94,183.48,62.186,141.11,-1,-1,-1,-1
219,3,328.88,184.36,62.177,141.09,-1,-1,-1,-1
220,3,332.9,186.19,62.23,141.21,-1,-1,-1,-1
221,3,336.76,187.45,62.504,141.84,-1,-1,-1,-1
222,3,334.77,185.54,63.369,143.8,-1,-1,-1,-1
223,3,330.7,182.45,64.399,146.14,-1,-1,-1,-1
224,3,326.26,179.06,65.288,148.16,-1,-1,-1,-1
225,3,322.82,175.93,65.607,148.88,-1,-1,-1,-1
226,3,322.6,173.63,64.589,146.57,-1,-1,-1,-1
227,3,322.61,170.19,66.642,151.23,-1,-1,-1,-1
228,3,322.56,169.68,66.658,151.26,-1,-1,-1,-1
229,3,322.35,171.54,64.71,146.84,-1,-1,-1,-1
230,3,322.07,170,66.109,150.01,-1,-1,-1,-1
231,3,323.83,169.32,66.721,151.4,-1,-1,-1,-1
232,3,326.73,170.75,65.358,148.31,-1,-1,-1,-1
233,3,328.72,171.72,64.426,146.2,-1,-1,-1,-1
234,3,326.98,169.49,66.536,150.99,-1,-1,-1,-1
235,3,329.53,169.64,66.401,150.68,-1,-1,-1,-1
236,3,328.96,172.37,63.817,144.81,-1,-1,-1,-1
237,3,324.93,172.64,63.589,144.3,-1,-1,-1,-1
238,3,323.44,170.76,65.462,148.55,-1,-1,-1,-1
239,3,322.72,172.44,64.09,145.43,-1,-1,-1,-1
240,3,322.45,172.02,65.101,147.73,-1,-1,-1,-1
241,3,322.2,172.86,65.909,149.56,-1,-1,-1,-1
242,3,321.54,179.52,63.752,144.67,-1,-1,-1,-1
243,3,320.11,180.98,63.764,144.69,-1,-1,-1,-1
244,3,316.5,178.74,65.894,149.53,-1,-1,-1,-1
245,3,317.93,177.4,64.849,147.16,-1,-1,-1,-1
246,3,320.54,177.51,63.034,143.04,-1,-1,-1,-1
247,3,321.53,180.79,62.366,141.52,-1,-1,-1,-1
248,3,321.87,182.88,62.181,141.1,-1,-1,-1,-1
249,3,321.97,183.62,62.157,141.05,-1,-1,-1,-1
250,3,321.97,183.85,62.171,141.08,-1,-1,-1,-1
251,3,321.88,183.85,62.197,141.14,-1,-1,-1,-1
252,3,321.61,183.61,62.275,141.31,-1,-1,-1,-1
253,3,320.88,182.86,62.517,141.86,-1,-1,-1,-1
254,3,318.97,180.88,63.143,143.28,-1,-1,-1,-1
255,3,316.51,178.04,64.162,145.6,-1,-1,-1,-1
256,3,319.14,186.6,60.133,136.45,-1,-1,-1,-1
257,3,318.01,186.76,61.124,138.7,-1,-1,-1,-1
258,3,315.49,183.7,64.089,145.43,-1,-1,-1,-1
259,3,312.83,179.98,67.431,153.02,-1,-1,-1,-1
178,4,210.82,209.2,26,59,-1,-1,-1,-1
179,4,210.39,209.64,26,59,-1,-1,-1,-1
180,4,209.88,210.16,26,59,-1,-1,-1,-1
181,4,209.32,210.71,26,59,-1,-1,-1,-1
182,4,208.76,211.28,26,59,-1,-1,-1,-1
183,4,208.19,211.85,26,59,-1,-1,-1,-1
184,4,207.61,212.43,26,59,-1,-1,-1,-1
185,4,207.04,213,26,59,-1,-1,-1,-1
186,4,206.47,213.57,25.999,58.998,-1,-1,-1,-1
187,4,205.89,214.15,25.997,58.992,-1,-1,-1,-1
188,4,205.31,214.72,25.99,58.977,-1,-1,-1,-1
189,4,204.71,215.29,25.977,58.947,-1,-1,-1,-1
190,4,204.06,215.84,25.956,58.901,-1,-1,-1,-1
191,4,203.26,216.28,25.946,58.877,-1,-1,-1,-1
192,4,202.05,216.4,26.016,59.036,-1,-1,-1,-1
193,4,199.73,215.58,26.372,59.843,-1,-1,-1,-1
194,4,197.92,212.88,27.489,62.374,-1,-1,-1,-1
195,4,196.23,210.22,28.681,65.078,-1,-1,-1,-1
196,4,195.78,207.83,30.168,68.453,-1,-1,-1,-1
197,4,193.39,208.96,30.373,68.918,-1,-1,-1,-1
198,4,191.61,209.57,29.639,67.251,-1,-1,-1,-1
199,4,191.38,209.59,30.365,68.899,-1,-1,-1,-1
200,4,189.79,209.79,30.064,68.215,-1,-1,-1,-1
201,4,190.38,210.63,28.222,64.038,-1,-1,-1,-1
202,4,191.45,212.3,26.097,59.218,-1,-1,-1,-1
203,4,192.71,212.71,24.575,55.768,-1,-1,-1,-1
204,4,191.39,212.3,25.335,57.491,-1,-1,-1,-1
205,4,190.19,210.63,25.927,58.834,-1,-1,-1,-1
206,4,187.89,209.98,27.012,61.295,-1,-1,-1,-1
207,4,186.11,209.53,29.817,67.656,-1,-1,-1,-1
208,4,186.53,208.79,31.424,71.305,-1,-1,-1,-1
209,4,185.45,206.82,33.606,76.258,-1,-1,-1,-1
210,4,185.01,205.12,35.433,80.404,-1,-1,-1,-1
211,4,184.97,205.52,35.042,79.517,-1,-1,-1,-1
212,4,184.87,204.44,36.133,81.994,-1,-1,-1,-1
213,4,184.89,204.51,35.954,81.587,-1,-1,-1,-1
214,4,185.06,205.76,34.338,77.92,-1,-1,-1,-1
215,4,185.11,205.51,33.722,76.521,-1,-1,-1,-1
216,4,185.08,203.49,33.53,76.085,-1,-1,-1,-1
217,4,184.99,202.83,33.44,75.881,-1,-1,-1,-1
218,4,184.8,201.96,33.252,75.453,-1,-1,-1,-1
219,4,184.3,201.06,32.774,74.37,-1,-1,-1,-1
220,4,182.85,200.48,32.977,74.83,-1,-1,-1,-1
221,4,181.04,200.02,33.44,75.88,-1,-1,-1,-1
222,4,179.11,199.65,33.969,77.082,-1,-1,-1,-1
223,4,177.15,199.36,34.492,78.269,-1,-1,-1,-1
224,4,175.2,199.15,35.001,79.424,-1,-1,-1,-1
225,4,173.25,199,35.563,80.7,-1,-1,-1,-1
226,4,171.24,198.78,36.432,82.674,-1,-1,-1,-1
227,4,168.97,198.19,38.284,86.878,-1,-1,-1,-1
228,4,166.08,196.76,42.566,96.602,-1,-1,-1,-1
229,4,162.36,195.58,45.111,102.38,-1,-1,-1,-1
230,4,158.62,194.79,47.158,107.02,-1,-1,-1,-1
231,4,154.86,194.29,48.394,109.82,-1,-1,-1,-1
232,4,151.12,193.86,48.668,110.44,-1,-1,-1,-1
233,4,145.55,194.62,49.387,112.08,-1,-1,-1,-1
234,4,143.82,197.86,46.702,105.99,-1,-1,-1,-1
235,4,138.11,193.37,48.229,109.45,-1,-1,-1,-1
236,4,132.08,188.47,50.762,115.19,-1,-1,-1,-1
237,4,132.22,187.45,51.686,117.29,-1,-1,-1,-1
238,4,130.56,189.05,52.127,118.29,-1,-1,-1,-1
239,4,125.15,186.28,53.039,120.36,-1,-1,-1,-1
240,4,118.39,183.94,55.723,126.44,-1,-1,-1,-1
241,4,111.9,182.35,57.844,131.26,-1,-1,-1,-1
242,4,105.18,179,61.008,138.44,-1,-1,-1,-1
243,4,100.99,181.64,62.071,140.85,-1,-1,-1,-1
244,4,95.02,182.57,62.339,141.46,-1,-1,-1,-1
245,4,91.114,182.28,62.473,141.76,-1,-1,-1,-1
246,4,85.227,180.17,62.879,142.68,-1,-1,-1,-1
247,4,79.141,177.48,62.963,142.87,-1,-1,-1,-1
248,4,72.004,173.63,63.624,144.38,-1,-1,-1,-1
249,4,62.501,168.62,66.341,150.54,-1,-1,-1,-1
250,4,55.744,164.81,66.834,151.67,-1,-1,-1,-1
202,5,173.48,209.9,30.273,68.688,-1,-1,-1,-1
203,5,167.92,209.79,30.41,69,-1,-1,-1,-1
204,5,165.32,209.88,29.74,67.481,-1,-1,-1,-1
205,5,163.01,210.08,27.745,62.956,-1,-1,-1,-1
206,5,160.08,210.2,28.541,64.76,-1,-1,-1,-1
207,5,156.85,209.88,30.11,68.322,-1,-1,-1,-1
208,5,155.45,209.6,30.809,69.907,-1,-1,-1,-1
209,5,154.47,209.01,31.381,71.205,-1,-1,-1,-1
210,5,153.29,208.56,32.394,73.508,-1,-1,-1,-1
211,5,153.15,207.81,32.775,74.371,-1,-1,-1,-1
212,5,152.29,208.34,31.947,72.491,-1,-1,-1,-1
213,5,152.49,206.91,32.479,73.698,-1,-1,-1,-1
214,5,151.16,205.54,31.802,72.162,-1,-1,-1,-1
215,5,149.61,204.13,32.611,73.998,-1,-1,-1,-1
216,5,149.46,204.58,32.734,74.277,-1,-1,-1,-1
217,5,147.2,203.6,35.651,80.898,-1,-1,-1,-1
218,5,146.18,202.58,37.133,84.263,-1,-1,-1,-1
219,5,145.41,200.6,38.556,87.493,-1,-1,-1,-1
220,5,144.37,202.23,37.644,85.423,-1,-1,-1,-1
221,5,141.51,201.98,37.69,85.529,-1,-1,-1,-1
222,5,139.93,199.51,38.843,88.145,-1,-1,-1,-1
223,5,138.44,199.25,38.205,86.698,-1,-1,-1,-1
224,5,136.57,199.05,37.456,84.998,-1,-1,-1,-1
225,5,134.39,199.33,36.432,82.672,-1,-1,-1,-1
226,5,131.36,200.79,35.213,79.907,-1,-1,-1,-1
227,5,128.01,201.78,34.778,78.917,-1,-1,-1,-1
228,5,123.84,200.99,36.952,83.852,-1,-1,-1,-1
229,5,119.47,199.38,39.877,90.491,-1,-1,-1,-1
230,5,114.82,197.27,42.909,97.38,-1,-1,-1,-1
231,5,112.01,195.84,44.634,101.3,-1,-1,-1,-1
232,5,108.04,193.18,47.184,107.08,-1,-1,-1,-1
233,5,103.1,191.08,48.691,110.5,-1,-1,-1,-1
234,5,100.09,187.04,50.994,115.72,-1,-1,-1,-1
235,5,95.228,185.57,51.812,117.57,-1,-1,-1,-1
236,5,91.375,184.62,52.499,119.13,-1,-1,-1,-1
237,5,84.314,182.4,54.464,123.59,-1,-1,-1,-1
238,5,74.884,176.45,59.894,135.91,-1,-1,-1,-1
239,5,66.788,174.36,61.756,140.14,-1,-1,-1,-1
240,5,61.907,173.96,61.998,140.69,-1,-1,-1,-1
241,5,55.081,174.2,61.41,139.35,-1,-1,-1,-1
242,5,48.113,174.45,60.176,136.55,-1,-1,-1,-1
243,5,38.262,171.2,63.983,145.19,-1,-1,-1,-1
244,5,28.572,168.72,66.975,151.98,-1,-1,-1,-1
245,5,18.786,167.9,68.069,154.46,-1,-1,-1,-1
246,5,10.045,167.7,68.554,155.56,-1,-1,-1,-1
247,5,2.2371,167.77,68.508,155.46,-1,-1,-1,-1
248,5,-5.1128,167.91,68.311,155.01,-1,-1,-1,-1
249,5,-11.982,168.06,68.116,154.57,-1,-1,-1,-1
233,7,215.04,192.97,52.043,118.1,-1,-1,-1,-1
234,7,217.18,193.07,51.984,117.96,-1,-1,-1,-1
235,7,218.56,193.4,51.782,117.5,-1,-1,-1,-1
236,7,216.55,194.33,51.185,116.15,-1,-1,-1,-1
237,7,217.07,196.59,49.765,112.93,-1,-1,-1,-1
238,7,215.17,194.33,51.197,116.18,-1,-1,-1,-1
239,7,214.39,193.31,51.913,117.8,-1,-1,-1,-1
134,9,203.02,209.12,25.999,58.998,-1,-1,-1,-1
135,9,202.99,209.4,25.996,58.992,-1,-1,-1,-1
136,9,202.88,210.09,25.99,58.977,-1,-1,-1,-1
137,9,202.59,211.9,25.978,58.951,-1,-1,-1,-1
138,9,201.8,212.6,25.965,58.921,-1,-1,-1,-1
139,9,199.71,212.85,25.973,58.938,-1,-1,-1,-1
140,9,198.23,212.8,26.08,59.181,-1,-1,-1,-1
141,9,195.83,212.3,26.493,60.118,-1,-1,-1,-1
142,9,194.1,210.82,27.646,62.729,-1,-1,-1,-1
143,9,191.57,210.42,27.884,63.269,-1,-1,-1,-1
144,9,190.62,210.46,27.656,62.755,-1,-1,-1,-1
145,9,188.96,207.26,29.722,67.441,-1,-1,-1,-1
146,9,188.44,206.76,30.295,68.741,-1,-1,-1,-1
147,9,188.47,208.29,30.079,68.249,-1,-1,-1,-1
148,9,186.75,207.61,32.057,72.741,-1,-1,-1,-1
149,9,187.09,208.24,31.924,72.439,-1,-1,-1,-1
150,9,188.12,208.83,31.324,71.076,-1,-1,-1,-1
151,9,188.98,207.67,31.708,71.948,-1,-1,-1,-1
152,9,185.42,203.33,33.689,76.446,-1,-1,-1,-1
153,9,182.22,200.23,35.919,81.508,-1,-1,-1,-1
154,9,181.57,200.14,36.639,83.142,-1,-1,-1,-1
155,9,182.78,202.87,36.651,83.17,-1,-1,-1,-1
156,9,181.92,204.89,36.181,82.104,-1,-1,-1,-1
157,9,182.98,207.82,35.092,79.632,-1,-1,-1,-1
158,9,181.56,205.55,36.437,82.683,-1,-1,-1,-1
159,9,181.55,204.52,37.717,85.588,-1,-1,-1,-1
160,9,182.06,204.03,38.848,88.156,-1,-1,-1,-1
161,9,182.66,203.74,39.728,90.152,-1,-1,-1,-1
162,9,183,203.47,40.075,90.941,-1,-1,-1,-1
163,9,183.31,202.73,40.426,91.742,-1,-1,-1,-1
164,9,183.49,201.78,40.812,92.623,-1,-1,-1,-1
165,9,183.34,200.68,41.308,93.754,-1,-1,-1,-1
166,9,182.3,199.24,42.158,95.685,-1,-1,-1,-1
167,9,178.91,196.95,43.955,99.761,-1,-1,-1,-1
168,9,174.17,194.29,46.149,104.74,-1,-1,-1,-1
169,9,169.37,191.78,48.2,109.39,-1,-1,-1,-1
170,9,167.04,188.39,50.257,114.05,-1,-1,-1,-1
171,9,166.12,189.4,49.702,112.79,-1,-1,-1,-1
172,9,164.09,186.46,51.274,116.35,-1,-1,-1,-1
173,9,160.25,185.36,51.803,117.55,-1,-1,-1,-1
174,9,158.72,184.91,51.912,117.8,-1,-1,-1,-1
175,9,157.82,184.33,52,118,-1,-1,-1,-1
176,9,156.46,182.61,52.533,119.21,-1,-1,-1,-1
177,9,153.86,178.43,55.395,125.7,-1,-1,-1,-1
178,9,149.2,177.08,56.475,128.15,-1,-1,-1,-1
179,9,146.65,176.81,57.212,129.82,-1,-1,-1,-1
180,9,142.38,174.74,60.711,137.77,-1,-1,-1,-1
181,9,139.6,173.84,62.366,141.53,-1,-1,-1,-1
182,9,137.39,173.71,63.223,143.47,-1,-1,-1,-1
183,9,130.94,172.03,66.239,150.31,-1,-1,-1,-1
184,9,123.74,166.96,74.571,169.22,-1,-1,-1,-1
185,9,121.54,169.78,74.899,169.96,-1,-1,-1,-1
186,9,118.36,170.52,74.813,169.77,-1,-1,-1,-1
187,9,115.48,171.47,74.982,170.14,-1,-1,-1,-1
188,9,113.64,171.9,75.365,171.01,-1,-1,-1,-1
189,9,113.69,169.56,78.286,177.64,-1,-1,-1,-1
190,9,113.7,165.94,82.391,186.96,-1,-1,-1,-1
191,9,111.66,161.09,87.648,198.89,-1,-1,-1,-1
192,9,103.43,153.68,95.321,216.3,-1,-1,-1,-1
193,9,93.722,145.24,103.58,235.05,-1,-1,-1,-1
194,9,85.761,136.27,111.19,252.32,-1,-1,-1,-1
195,9,78.133,127.61,118.19,268.19,-1,-1,-1,-1
196,9,69.762,120.4,123.96,281.28,-1,-1,-1,-1
197,9,58.759,117.07,126.84,287.83,-1,-1,-1,-1
166,11,94.124,183.32,51.835,117.63,-1,-1,-1,-1
167,11,93.886,179.28,52.134,118.3,-1,-1,-1,-1
168,11,93.101,176.95,53.087,120.46,-1,-1,-1,-1
169,11,90.927,173.92,55.761,126.53,-1,-1,-1,-1
170,11,85.679,169.25,56.978,129.29,-1,-1,-1,-1
171,11,81.067,167.12,58.102,131.84,-1,-1,-1,-1
172,11,76.681,165.98,59.237,134.42,-1,-1,-1,-1
173,11,72.411,165.38,60.344,136.93,-1,-1,-1,-1
174,11,68.371,165.71,61.136,138.73,-1,-1,-1,-1
175,11,65.034,168.55,60.753,137.86,-1,-1,-1,-1
176,11,63.567,177.97,57.176,129.74,-1,-1,-1,-1
177,11,63.07,187.83,52.832,119.89,-1,-1,-1,-1
3,12,282.74,184.15,52.52,119.18,-1,-1,-1,-1
4,12,285.56,186.66,52.159,118.36,-1,-1,-1,-1
5,12,288.08,190.97,51.864,117.69,-1,-1,-1,-1
6,12,292.87,193.48,51.244,116.29,-1,-1,-1,-1
7,12,296.66,196.64,49.716,112.82,-1,-1,-1,-1
8,12,296.81,195.69,50.654,114.95,-1,-1,-1,-1
9,12,300.01,197.87,49.853,113.13,-1,-1,-1,-1
10,12,302.52,199.08,49.172,111.59,-1,-1,-1,-1
11,12,304.55,199.67,48.569,110.23,-1,-1,-1,-1
12,12,306.12,200.01,48.052,109.05,-1,-1,-1,-1
13,12,306.71,200.17,47.839,108.56,-1,-1,-1,-1
14,12,306.96,200.42,47.615,108.05,-1,-1,-1,-1
15,12,306.72,200.32,47.554,107.92,-1,-1,-1,-1
16,12,306.31,200.8,46.915,106.47,-1,-1,-1,-1
17,12,305.28,202.19,45.17,102.51,-1,-1,-1,-1
18,12,301.06,200.69,45.693,103.7,-1,-1,-1,-1
19,12,301.44,197.41,47.084,106.85,-1,-1,-1,-1
20,12,303.54,193.7,48.727,110.58,-1,-1,-1,-1
21,12,306.12,190.39,50.331,114.22,-1,-1,-1,-1
22,12,308.41,188.63,51.608,117.11,-1,-1,-1,-1
23,12,309.35,191.09,52,118,-1,-1,-1,-1
24,12,309.76,192.01,52.065,118.15,-1,-1,-1,-1
25,12,309.97,192.11,52.039,118.09,-1,-1,-1,-1
26,12,310.16,191.36,52,118,-1,-1,-1,-1
27,12,310.48,188.96,51.975,117.94,-1,-1,-1,-1
28,12,310.86,186.41,52.006,118.01,-1,-1,-1,-1
29,12,311.98,185.1,52.215,118.49,-1,-1,-1,-1
30,12,314.91,183.64,52.9,120.04,-1,-1,-1,-1
31,12,314.64,180.72,54.614,123.93,-1,-1,-1,-1
32,12,316.38,183.6,53.166,120.64,-1,-1,-1,-1
33,12,316.27,184.75,53.222,120.77,-1,-1,-1,-1
34,12,314.16,185.23,54.911,124.6,-1,-1,-1,-1
35,12,313.5,187.79,53.891,122.28,-1,-1,-1,-1
36,12,311.72,189.03,53.632,121.7,-1,-1,-1,-1
37,12,309.19,189.75,53.611,121.65,-1,-1,-1,-1
38,12,305.67,186.85,55.532,126.01,-1,-1,-1,-1
39,12,303.39,188.13,54.94,124.67,-1,-1,-1,-1
40,12,304.83,195.32,50.776,115.22,-1,-1,-1,-1
41,12,304.31,195.76,50.468,114.52,-1,-1,-1,-1
42,12,306.21,199.11,48.48,110.02,-1,-1,-1,-1
43,12,307.12,201.06,47.524,107.85,-1,-1,-1,-1
44,12,307.95,203.55,46.64,105.86,-1,-1,-1,-1
45,12,307.3,202.74,47.199,107.13,-1,-1,-1,-1
46,12,306.09,200.72,48.285,109.58,-1,-1,-1,-1
47,12,304.65,198.35,49.507,112.35,-1,-1,-1,-1
48,12,303.03,196.06,50.728,115.12,-1,-1,-1,-1
49,12,301.06,194.21,51.902,117.78,-1,-1,-1,-1
50,12,298.16,193.53,53.009,120.29,-1,-1,-1,-1
51,12,291.41,193.24,55.26,125.4,-1,-1,-1,-1
52,12,290.09,193.2,55.667,126.33,-1,-1,-1,-1
53,12,290.86,193.27,55.345,125.59,-1,-1,-1,-1
54,12,292.4,193.34,54.799,124.35,-1,-1,-1,-1
55,12,294.21,193.36,54.211,123.02,-1,-1,-1,-1
56,12,296.12,193.35,53.63,121.7,-1,-1,-1,-1
57,12,298.04,193.35,53.067,120.42,-1,-1,-1,-1
58,12,299.94,193.44,52.541,119.23,-1,-1,-1,-1
59,12,301.72,193.75,52.128,118.29,-1,-1,-1,-1
60,12,303.21,194.64,52.012,118.03,-1,-1,-1,-1
61,12,304.58,195.72,52.007,118.02,-1,-1,-1,-1
62,12,305.89,196.83,52.029,118.07,-1,-1,-1,-1
63,12,307.18,197.84,52.012,118.03,-1,-1,-1,-1
64,12,308.47,198.55,51.819,117.59,-1,-1,-1,-1
65,12,309.75,198.48,51.129,116.02,-1,-1,-1,-1
66,12,310.97,196.19,49.302,111.88,-1,-1,-1,-1
67,12,308.89,196.38,49.543,112.44,-1,-1,-1,-1
68,12,310.53,199.99,49.106,111.44,-1,-1,-1,-1
69,12,312.92,202.59,49.158,111.56,-1,-1,-1,-1
70,12,313.85,198.74,51.396,116.63,-1,-1,-1,-1
71,12,314.49,193.02,54.16,122.9,-1,-1,-1,-1
72,12,317.33,197.82,52.88,120,-1,-1,-1,-1
73,12,319.54,199.4,52.517,119.17,-1,-1,-1,-1
74,12,323.07,198.76,53.183,120.68,-1,-1,-1,-1
75,12,323.46,195.32,55.506,125.95,-1,-1,-1,-1
76,12,325.7,195.03,55.707,126.41,-1,-1,-1,-1
77,12,331.98,197.42,54.141,122.86,-1,-1,-1,-1
78,12,335.86,195.38,55.448,125.83,-1,-1,-1,-1
79,12,340.6,194.19,56.218,127.57,-1,-1,-1,-1
80,12,346.12,194.68,55.879,126.8,-1,-1,-1,-1
81,12,351.02,195.17,55.512,125.96,-1,-1,-1,-1
82,12,353.03,195.26,55.342,125.57,-1,-1,-1,-1
83,12,353.92,195.17,55.26,125.39,-1,-1,-1,-1
84,12,354.39,195.03,55.209,125.27,-1,-1,-1,-1
85,12,354.7,194.86,55.167,125.18,-1,-1,-1,-1
86,12,354.94,194.69,55.127,125.09,-1,-1,-1,-1
87,12,355.16,194.51,55.087,125,-1,-1,-1,-1
88,12,355.38,194.33,55.047,124.91,-1,-1,-1,-1
89,12,355.6,194.11,55,124.81,-1,-1,-1,-1
90,12,355.85,193.85,54.928,124.64,-1,-1,-1,-1
91,12,356.16,193.46,54.777,124.3,-1,-1,-1,-1
92,12,356.63,192.75,54.437,123.53,-1,-1,-1,-1
93,12,357.48,191.03,53.737,121.94,-1,-1,-1,-1
94,12,357.42,186.65,55.383,125.67,-1,-1,-1,-1
95,12,357.98,185.59,54.95,124.69,-1,-1,-1,-1
96,12,358.24,184.77,55.191,125.24,-1,-1,-1,-1
97,12,360.12,185.8,52.825,119.87,-1,-1,-1,-1
98,12,363.96,187.52,51.412,116.67,-1,-1,-1,-1
99,12,365.48,191.4,49.76,112.92,-1,-1,-1,-1
100,12,365.77,192.41,51.133,116.03,-1,-1,-1,-1
101,12,365.66,192.72,51.736,117.4,-1,-1,-1,-1
102,12,365.11,192.85,51.975,117.94,-1,-1,-1,-1
103,12,363.55,192.87,52.16,118.36,-1,-1,-1,-1
104,12,359.39,192.66,52.571,119.29,-1,-1,-1,-1
105,12,356.5,192.11,53.553,121.52,-1,-1,-1,-1
106,12,355.33,192.66,52.552,119.25,-1,-1,-1,-1
107,12,351.37,192.78,52.179,118.4,-1,-1,-1,-1
108,12,348.6,192.39,52.215,118.49,-1,-1,-1,-1
109,12,344.28,191.15,52.679,119.54,-1,-1,-1,-1
110,12,342.21,188.07,53.799,122.08,-1,-1,-1,-1
111,12,342.8,190.13,50.897,115.5,-1,-1,-1,-1
112,12,341.54,187.93,52.229,118.52,-1,-1,-1,-1
113,12,341.42,185.9,53.136,120.57,-1,-1,-1,-1
114,12,340.48,184.38,55.534,126.02,-1,-1,-1,-1
115,12,340.38,184.16,55.778,126.57,-1,-1,-1,-1
116,12,340.89,184.84,54.29,123.19,-1,-1,-1,-1
117,12,339.87,184.62,55.745,126.49,-1,-1,-1,-1
118,12,338.81,185.44,55.71,126.42,-1,-1,-1,-1
119,12,336.58,187.95,54.28,123.17,-1,-1,-1,-1
120,12,328.31,184.17,56.203,127.53,-1,-1,-1,-1
121,12,317.26,180.46,57.538,130.56,-1,-1,-1,-1
122,12,311.82,178.75,58.316,132.33,-1,-1,-1,-1
123,12,308.54,177.82,58.869,133.58,-1,-1,-1,-1
124,12,306.08,177.17,59.347,134.67,-1,-1,-1,-1
125,12,303.91,176.62,59.807,135.71,-1,-1,-1,-1
126,12,301.85,176.08,60.263,136.75,-1,-1,-1,-1
127,12,299.77,175.52,60.728,137.8,-1,-1,-1,-1
128,12,297.55,174.79,61.252,138.99,-1,-1,-1,-1
129,12,294.89,173.6,61.985,140.66,-1,-1,-1,-1
130,12,291.05,171.12,63.296,143.63,-1,-1,-1,-1
131,12,284.24,165.57,65.879,149.5,-1,-1,-1,-1
132,12,280.76,165.98,66.323,150.51,-1,-1,-1,-1
133,12,282.1,168.91,65.426,148.47,-1,-1,-1,-1
134,12,294.37,173.15,62.903,142.74,-1,-1,-1,-1
135,12,298.06,176.59,61.039,138.51,-1,-1,-1,-1
136,12,298.47,179.62,59.514,135.05,-1,-1,-1,-1
137,12,297.72,182.4,58.188,132.04,-1,-1,-1,-1
138,12,296.77,184.77,57.162,129.71,-1,-1,-1,-1
139,12,296.36,186.18,56.86,129.02,-1,-1,-1,-1
140,12,296.18,184.95,56.813,128.92,-1,-1,-1,-1
141,12,296.1,184.51,56.829,128.95,-1,-1,-1,-1
142,12,296.06,184.52,56.845,128.99,-1,-1,-1,-1
143,12,296.06,185.03,56.847,129,-1,-1,-1,-1
144,12,296.07,186.54,56.847,128.99,-1,-1,-1,-1
145,12,296.08,190.49,56.882,129.07,-1,-1,-1,-1
146,12,296.05,191.74,57.062,129.48,-1,-1,-1,-1
147,12,295.9,191.43,57.638,130.79,-1,-1,-1,-1
148,12,295.51,189.37,59.077,134.06,-1,-1,-1,-1
149,12,295.94,189,59.278,134.51,-1,-1,-1,-1
150,12,298.79,194.89,55.379,125.67,-1,-1,-1,-1
151,12,297.62,193.03,56.247,127.63,-1,-1,-1,-1
152,12,297.66,190.51,57.04,129.43,-1,-1,-1,-1
153,12,296.99,188.56,58.291,132.27,-1,-1,-1,-1
154,12,296.09,186.92,59.635,135.32,-1,-1,-1,-1
155,12,295.21,185.73,60.764,137.88,-1,-1,-1,-1
156,12,294.66,185.58,61.104,138.66,-1,-1,-1,-1
157,12,295.04,187.99,59.426,134.85,-1,-1,-1,-1
158,12,295.24,189.88,57.588,130.68,-1,-1,-1,-1
159,12,293.97,187.52,57.412,130.27,-1,-1,-1,-1
160,12,290.81,179.14,59.777,135.64,-1,-1,-1,-1
161,12,286.24,170.38,62.327,141.43,-1,-1,-1,-1
162,12,279.53,167.86,62.977,142.9,-1,-1,-1,-1
163,12,272.01,167.78,62.868,142.66,-1,-1,-1,-1
164,12,264.16,168.55,62.526,141.88,-1,-1,-1,-1
165,12,256.16,169.61,62.141,141.01,-1,-1,-1,-1
166,12,248.1,170.74,61.765,140.16,-1,-1,-1,-1
167,12,240.02,171.88,61.405,139.34,-1,-1,-1,-1
168,12,231.98,173.02,61.054,138.55,-1,-1,-1,-1
169,12,224.05,174.12,60.708,137.76,-1,-1,-1,-1
170,12,216.42,175.13,60.364,136.98,-1,-1,-1,-1
171,12,209.59,175.93,60.019,136.2,-1,-1,-1,-1
150,13,153.58,200.98,34.133,77.454,-1,-1,-1,-1
151,13,152.44,198.31,35.857,81.366,-1,-1,-1,-1
152,13,151.92,196.5,36.216,82.183,-1,-1,-1,-1
153,13,151.49,198.68,35.61,80.807,-1,-1,-1,-1
154,13,148.43,197.36,37.245,84.517,-1,-1,-1,-1
155,13,148.43,202.88,34.837,79.052,-1,-1,-1,-1
92,14,282.07,218.58,28.384,64.403,-1,-1,-1,-1
93,14,281.93,217.35,28.827,65.41,-1,-1,-1,-1
94,14,281.74,215.89,29.348,66.594,-1,-1,-1,-1
95,14,281.52,214.35,29.891,67.828,-1,-1,-1,-1
96,14,281.3,212.79,30.439,69.073,-1,-1,-1,-1
97,14,281.04,211.26,30.975,70.293,-1,-1,-1,-1
98,14,280.73,209.87,31.437,71.342,-1,-1,-1,-1
99,14,280.32,208.9,31.635,71.789,-1,-1,-1,-1
100,14,279.65,209.11,31.118,70.608,-1,-1,-1,-1
101,14,278.67,209.81,30.473,69.144,-1,-1,-1,-1
102,14,277.25,210.42,29.385,66.674,-1,-1,-1,-1
103,14,274.72,210.99,29.79,67.593,-1,-1,-1,-1
104,14,272.82,212.72,29.023,65.853,-1,-1,-1,-1
105,14,270.41,212.74,29.349,66.591,-1,-1,-1,-1
106,14,267.67,212.78,29.899,67.841,-1,-1,-1,-1
107,14,263.47,215.6,29.522,66.986,-1,-1,-1,-1
108,14,258.24,214.15,31.12,70.614,-1,-1,-1,-1
109,14,250.99,212.45,33.338,75.649,-1,-1,-1,-1
110,14,248.86,211.62,34.991,79.401,-1,-1,-1,-1
111,14,247.95,213.36,34.018,77.194,-1,-1,-1,-1
112,14,246.11,212.52,34.596,78.506,-1,-1,-1,-1
113,14,243.54,210.15,36.202,82.152,-1,-1,-1,-1
114,14,239.93,206.25,38.937,88.358,-1,-1,-1,-1
115,14,238.45,205.26,40.046,90.877,-1,-1,-1,-1
116,14,237.55,206.07,40.744,92.467,-1,-1,-1,-1
117,14,235.32,206.02,42.017,95.357,-1,-1,-1,-1
118,14,234.95,209.47,40.144,91.103,-1,-1,-1,-1
119,14,234.58,213.33,37.71,85.575,-1,-1,-1,-1
120,14,232.31,214.73,36.906,83.749,-1,-1,-1,-1
121,14,228.27,214.9,37.073,84.128,-1,-1,-1,-1
122,14,220.92,214.01,38.385,87.108,-1,-1,-1,-1
123,14,212.33,212.73,40.09,90.982,-1,-1,-1,-1
124,14,203.28,211.21,41.986,95.287,-1,-1,-1,-1
125,14,193.96,209.07,44.279,100.49,-1,-1,-1,-1
126,14,184.24,205.22,47.665,108.17,-1,-1,-1,-1
127,14,176.56,198.11,51.235,116.27,-1,-1,-1,-1
128,14,171.28,195.7,54.42,123.49,-1,-1,-1,-1
129,14,162.75,186.71,61.14,138.74,-1,-1,-1,-1
130,14,157.28,181.11,66.211,150.25,-1,-1,-1,-1
131,14,154.69,178.96,68.28,154.94,-1,-1,-1,-1
132,14,151.78,176.73,70.64,160.3,-1,-1,-1,-1
133,14,145.13,171.08,76.639,173.91,-1,-1,-1,-1
134,14,139.36,167.5,80.491,182.65,-1,-1,-1,-1
135,14,133.98,164.82,83.422,189.3,-1,-1,-1,-1
136,14,128.72,162.44,86.041,195.24,-1,-1,-1,-1
137,14,123.49,160.12,88.588,201.02,-1,-1,-1,-1
138,14,118.25,157.8,91.135,206.8,-1,-1,-1,-1
139,14,113.01,155.45,93.696,212.61,-1,-1,-1,-1
140,14,107.76,153.09,96.266,218.45,-1,-1,-1,-1
141,14,102.52,150.72,98.843,224.3,-1,-1,-1,-1
142,14,97.285,148.34,101.42,230.15,-1,-1,-1,-1
143,14,92.082,145.93,104,236,-1,-1,-1,-1
80,16,230.83,224.15,25.968,58.928,-1,-1,-1,-1
81,16,230.31,222.36,25.951,58.89,-1,-1,-1,-1
82,16,228.91,221.86,25.949,58.884,-1,-1,-1,-1
83,16,229.2,222.02,26.054,59.121,-1,-1,-1,-1
84,16,227.38,222.83,26.518,60.173,-1,-1,-1,-1
85,16,225.59,221.01,27.9,63.305,-1,-1,-1,-1
86,16,224.26,221.19,28.827,65.408,-1,-1,-1,-1
87,16,222.05,219.56,30.233,68.599,-1,-1,-1,-1
88,16,220.01,219.03,30.514,69.237,-1,-1,-1,-1
89,16,218.04,218.93,30.357,68.88,-1,-1,-1,-1
90,16,216.08,218.95,30.067,68.223,-1,-1,-1,-1
91,16,214.11,218.99,29.752,67.507,-1,-1,-1,-1
92,16,212.16,219.02,29.435,66.788,-1,-1,-1,-1
93,16,210.24,219.01,29.117,66.066,-1,-1,-1,-1
94,16,208.4,218.92,28.811,65.372,-1,-1,-1,-1
95,16,206.77,218.51,28.598,64.888,-1,-1,-1,-1
96,16,205.61,217.2,28.728,65.183,-1,-1,-1,-1
97,16,205.65,213.43,29.807,67.634,-1,-1,-1,-1
98,16,205.5,209.3,31.134,70.645,-1,-1,-1,-1
99,16,203.56,204.19,32.997,74.875,-1,-1,-1,-1
100,16,200.04,201.47,34.179,77.558,-1,-1,-1,-1
101,16,196.37,198.2,36.033,81.767,-1,-1,-1,-1
102,16,192.09,195.64,36.734,83.359,-1,-1,-1,-1
103,16,188.8,195.95,37.262,84.558,-1,-1,-1,-1
104,16,183.02,194.07,38.461,87.281,-1,-1,-1,-1
105,16,177.04,192.65,39.553,89.755,-1,-1,-1,-1
106,16,170.96,192.03,40.129,91.061,-1,-1,-1,-1
107,16,164.56,191.13,41.145,93.362,-1,-1,-1,-1
108,16,157.77,189.34,42.907,97.359,-1,-1,-1,-1
109,16,150.93,185,46.571,105.68,-1,-1,-1,-1
110,16,145.5,182.27,49.403,112.11,-1,-1,-1,-1
111,16,144.25,186.63,48.081,109.11,-1,-1,-1,-1
112,16,142.59,190.56,46.987,106.63,-1,-1,-1,-1
113,16,135.62,186.31,50.575,114.77,-1,-1,-1,-1
114,16,130.18,183.53,52.619,119.4,-1,-1,-1,-1
115,16,125.35,181.49,53.949,122.42,-1,-1,-1,-1
116,16,120.64,179.85,55.036,124.89,-1,-1,-1,-1
117,16,115.67,178.61,56.114,127.33,-1,-1,-1,-1
118,16,109.87,178.34,57.297,130.02,-1,-1,-1,-1
119,16,101.93,180.79,58.594,132.96,-1,-1,-1,-1
120,16,93.226,191.06,55.351,125.6,-1,-1,-1,-1
121,16,82.585,188.97,57.555,130.6,-1,-1,-1,-1
122,16,68.565,180.79,62.189,141.12,-1,-1,-1,-1
123,16,55.201,172.05,67.297,152.71,-1,-1,-1,-1
61,17,246.18,216.95,26,59,-1,-1,-1,-1
62,17,244.33,216.84,26,59,-1,-1,-1,-1
63,17,243.59,216.58,26,59,-1,-1,-1,-1
64,17,243.24,215.91,26,59,-1,-1,-1,-1
65,17,242.91,214.15,26,59,-1,-1,-1,-1
66,17,242.29,213.58,26,59,-1,-1,-1,-1
67,17,240.74,213.6,26,59,-1,-1,-1,-1
68,17,238.72,214.26,26,59,-1,-1,-1,-1
69,17,236.21,216.21,26,59,-1,-1,-1,-1
70,17,230.71,217.36,26,59,-1,-1,-1,-1
71,17,224.09,218.22,26,59,-1,-1,-1,-1
72,17,217.09,218.94,26,59,-1,-1,-1,-1
73,17,210.07,219.61,26,59,-1,-1,-1,-1
74,17,203.4,220.2,25.999,58.998,-1,-1,-1,-1
75,17,197.78,220.64,25.996,58.991,-1,-1,-1,-1
76,17,194.93,220.7,25.989,58.974,-1,-1,-1,-1
77,17,192.01,220.44,25.973,58.939,-1,-1,-1,-1
78,17,190.1,219.57,25.95,58.887,-1,-1,-1,-1
79,17,188.61,218.52,25.939,58.861,-1,-1,-1,-1
80,17,187.32,217.47,26.02,59.045,-1,-1,-1,-1
81,17,186.18,216.55,26.428,59.97,-1,-1,-1,-1
82,17,183.99,214.68,27.704,62.864,-1,-1,-1,-1
83,17,181.36,212.67,29.212,66.286,-1,-1,-1,-1
84,17,178.51,211.28,30.465,69.128,-1,-1,-1,-1
85,17,175.44,211.87,30.739,69.747,-1,-1,-1,-1
86,17,174.06,214.97,30.329,68.818,-1,-1,-1,-1
87,17,172.92,219.53,28.964,65.718,-1,-1,-1,-1
88,17,171.56,220.34,28.452,64.558,-1,-1,-1,-1
89,17,170.08,219.66,28.307,64.229,-1,-1,-1,-1
90,17,168.55,218.45,28.284,64.175,-1,-1,-1,-1
91,17,166.97,217.1,28.281,64.169,-1,-1,-1,-1
92,17,165.28,215.78,28.265,64.133,-1,-1,-1,-1
93,17,163.25,214.67,28.239,64.073,-1,-1,-1,-1
94,17,160.3,214.08,28.258,64.117,-1,-1,-1,-1
95,17,157.41,213.23,28.518,64.706,-1,-1,-1,-1
96,17,155.55,210.98,29.523,66.988,-1,-1,-1,-1
97,17,152.82,205.03,32.337,73.377,-1,-1,-1,-1
98,17,149.04,202.74,33.422,75.839,-1,-1,-1,-1
99,17,146.39,201.74,33.938,77.013,-1,-1,-1,-1
100,17,144.11,201.18,34.276,77.78,-1,-1,-1,-1
101,17,141.82,200.74,34.59,78.494,-1,-1,-1,-1
102,17,139.17,200.27,34.959,79.334,-1,-1,-1,-1
103,17,135.45,199.62,35.486,80.53,-1,-1,-1,-1
104,17,128.94,198.54,36.366,82.523,-1,-1,-1,-1
105,17,122.27,198.23,36.685,83.247,-1,-1,-1,-1
106,17,114.74,198.21,36.916,83.771,-1,-1,-1,-1
107,17,109.69,198.19,37.527,85.157,-1,-1,-1,-1
108,17,102.04,198.05,39.219,88.997,-1,-1,-1,-1
109,17,93.476,198.4,39.79,90.292,-1,-1,-1,-1
110,17,87.415,199.44,39.926,90.602,-1,-1,-1,-1
111,17,83.636,201.84,40.09,90.975,-1,-1,-1,-1
112,17,78.147,201.55,40.848,92.697,-1,-1,-1,-1
113,17,72.304,197.91,43.267,98.193,-1,-1,-1,-1
114,17,66.527,194.91,45.378,102.98,-1,-1,-1,-1
115,17,61.007,189.5,49.34,111.97,-1,-1,-1,-1
116,17,54.951,189.97,49.481,112.29,-1,-1,-1,-1
117,17,46.715,187.46,51.23,116.25,-1,-1,-1,-1
118,17,39.284,187.93,51.81,117.57,-1,-1,-1,-1
119,17,33.057,191.46,52.157,118.36,-1,-1,-1,-1
120,17,21.536,192.94,53.163,120.64,-1,-1,-1,-1
121,17,9.0422,193.4,56.223,127.58,-1,-1,-1,-1
122,17,-1.4917,194.14,58.743,133.29,-1,-1,-1,-1
1,19,216.8,219.48,28.018,63.578,-1,-1,-1,-1
2,19,217.42,220.54,27.703,62.861,-1,-1,-1,-1
3,19,218.45,223.46,26.495,60.122,-1,-1,-1,-1
4,19,218.61,224.56,26.07,59.159,-1,-1,-1,-1
5,19,218.06,224.83,26.065,59.147,-1,-1,-1,-1
6,19,216.23,224.56,26.464,60.05,-1,-1,-1,-1
7,19,215.35,223.59,27.589,62.6,-1,-1,-1,-1
8,19,212.81,223.52,27.697,62.845,-1,-1,-1,-1
9,19,210.96,224.09,27.099,61.491,-1,-1,-1,-1
10,19,208.55,222.9,28.363,64.356,-1,-1,-1,-1
11,19,206.31,221.06,30.157,68.427,-1,-1,-1,-1
12,19,203.13,221.08,31.46,71.385,-1,-1,-1,-1
13,19,199.66,217.51,33.972,77.087,-1,-1,-1,-1
14,19,195.52,214.03,37.291,84.621,-1,-1,-1,-1
15,19,191.37,210.99,40.564,92.049,-1,-1,-1,-1
16,19,187.91,209.37,42.688,96.868,-1,-1,-1,-1
17,19,186.53,211.54,41.467,94.098,-1,-1,-1,-1
18,19,185.93,215.06,39.026,88.558,-1,-1,-1,-1
19,19,185.52,218.79,36.308,82.389,-1,-1,-1,-1
20,19,185.05,222.02,33.809,76.717,-1,-1,-1,-1
21,19,184.2,223.62,32.138,72.924,-1,-1,-1,-1
22,19,182.51,224.48,31.17,70.727,-1,-1,-1,-1
23,19,178.66,224.68,31.548,71.584,-1,-1,-1,-1
24,19,173.84,219.47,33.587,76.214,-1,-1,-1,-1
25,19,168.6,216.53,35.868,81.391,-1,-1,-1,-1
26,19,163.13,215.85,36.654,83.178,-1,-1,-1,-1
27,19,157.89,216.63,36.84,83.6,-1,-1,-1,-1
28,19,153.56,219.38,36.833,83.584,-1,-1,-1,-1
29,19,150.73,220.66,36.777,83.457,-1,-1,-1,-1
30,19,146.52,221.66,36.705,83.292,-1,-1,-1,-1
31,19,142.68,223.27,36.625,83.11,-1,-1,-1,-1
32,19,138.97,224.93,36.602,83.059,-1,-1,-1,-1
33,19,135.18,225.97,36.906,83.75,-1,-1,-1,-1
34,19,130.96,224.89,38.299,86.914,-1,-1,-1,-1
35,19,121.92,220.27,42.498,96.449,-1,-1,-1,-1
36,19,114.65,218.84,45.416,103.07,-1,-1,-1,-1
37,19,108.82,212.01,50.114,113.72,-1,-1,-1,-1
38,19,102.28,209.58,51.721,117.37,-1,-1,-1,-1
39,19,96.269,208.6,52.31,118.7,-1,-1,-1,-1
40,19,92.412,207.24,53.216,120.76,-1,-1,-1,-1
41,19,86.616,203.66,55.781,126.58,-1,-1,-1,-1
42,19,82.469,202.18,56.907,129.13,-1,-1,-1,-1
43,19,75.651,200.97,58.037,131.7,-1,-1,-1,-1
44,19,67.202,198.5,60.593,137.5,-1,-1,-1,-1
45,19,62.116,202.28,60.925,138.25,-1,-1,-1,-1
46,19,54.922,205.22,60.126,136.44,-1,-1,-1,-1
47,19,42.406,199.91,64.792,147.03,-1,-1,-1,-1
48,19,26.68,190.41,73.062,165.79,-1,-1,-1,-1
49,19,16.942,200.49,71.661,162.62,-1,-1,-1,-1
50,19,5.8969,200.56,74.325,168.66,-1,-1,-1,-1
1,25,44.154,185.97,62.079,140.87,-1,-1,-1,-1
2,25,41.774,189.31,62.428,141.66,-1,-1,-1,-1
3,25,35.566,188.51,63.474,144.04,-1,-1,-1,-1
4,25,28.357,182.75,66.267,150.38,-1,-1,-1,-1
5,25,20.602,181.72,66.53,150.97,-1,-1,-1,-1
6,25,15.337,183.8,65.048,147.61,-1,-1,-1,-1
7,25,7.3149,183.77,68.194,154.75,-1,-1,-1,-1
8,25,-2.0518,177.48,72.497,164.51,-1,-1,-1,-1
9,25,-10.613,175.74,75.063,170.32,-1,-1,-1,-1
10,25,-18.939,174.81,78.731,178.63,-1,-1,-1,-1
11,25,-25.832,176.86,84.54,191.8,-1,-1,-1,-1
12,25,-35.369,173.72,93.55,212.23,-1,-1,-1,-1
302,26,377.38,159.16,67.814,153.89,-1,-1,-1,-1
303,26,383.04,162.9,66.173,150.16,-1,-1,-1,-1
304,26,389.78,167.3,64.241,145.78,-1,-1,-1,-1
305,26,396.79,171.76,62.291,141.36,-1,-1,-1,-1
306,26,403.46,175.67,60.602,137.52,-1,-1,-1,-1
307,26,408.85,177.84,59.797,135.69,-1,-1,-1,-1
308,26,410.78,175.41,61.268,139.03,-1,-1,-1,-1
309,26,415.51,174.17,61.981,140.65,-1,-1,-1,-1
310,26,417.69,172.81,62.715,142.31,-1,-1,-1,-1
311,26,419.36,169.63,64.508,146.38,-1,-1,-1,-1
312,26,422.28,161.69,68.965,156.49,-1,-1,-1,-1
313,26,428.57,167.86,65.995,149.75,-1,-1,-1,-1
314,26,426.06,167.07,67.545,153.27,-1,-1,-1,-1
315,26,428.66,167.45,68.06,154.45,-1,-1,-1,-1
316,26,432.09,167.59,68.34,155.09,-1,-1,-1,-1
317,26,436.67,168.27,68.053,154.43,-1,-1,-1,-1
318,26,440.03,169.5,67.562,153.32,-1,-1,-1,-1
319,26,442.9,170.9,67.018,152.08,-1,-1,-1,-1
320,26,445.58,172.35,66.471,150.84,-1,-1,-1,-1
321,26,448.18,173.81,65.931,149.61,-1,-1,-1,-1
322,26,450.75,175.27,65.396,148.4,-1,-1,-1,-1
323,26,453.3,176.73,64.861,147.19,-1,-1,-1,-1
324,26,455.85,178.2,64.323,145.96,-1,-1,-1,-1
325,26,458.37,179.66,63.776,144.72,-1,-1,-1,-1
326,26,460.84,181.12,63.22,143.46,-1,-1,-1,-1
327,26,463.14,182.51,62.678,142.23,-1,-1,-1,-1
328,26,464.97,183.63,62.244,141.24,-1,-1,-1,-1
329,26,465.53,183.96,62.192,141.13,-1,-1,-1,-1
330,26,465.31,183.65,62.628,142.12,-1,-1,-1,-1
331,26,464,182.16,64.169,145.61,-1,-1,-1,-1
332,26,462.74,179.96,66.191,150.2,-1,-1,-1,-1
333,26,462.76,176.75,68.542,155.54,-1,-1,-1,-1
334,26,466.55,171.38,71.309,161.82,-1,-1,-1,-1
335,26,470.48,167.72,73.077,165.83,-1,-1,-1,-1
336,26,471.02,171.2,71.517,162.3,-1,-1,-1,-1
337,26,470.43,176.18,69.151,156.92,-1,-1,-1,-1
338,26,470.06,177.99,68.188,154.74,-1,-1,-1,-1
339,26,469.62,178.56,67.572,153.34,-1,-1,-1,-1
340,26,468.79,178.74,66.442,150.77,-1,-1,-1,-1
341,26,468.23,180.67,64.772,146.98,-1,-1,-1,-1
342,26,469.34,178.02,66.774,151.53,-1,-1,-1,-1
343,26,470.04,174.95,67.017,152.08,-1,-1,-1,-1
344,26,471.18,179.82,65.401,148.41,-1,-1,-1,-1
345,26,472.67,183.39,64.148,145.56,-1,-1,-1,-1
6,28,252.16,183.91,57.02,129.39,-1,-1,-1,-1
7,28,252.86,184.39,56.7,128.66,-1,-1,-1,-1
8,28,254.73,185.78,55.726,126.45,-1,-1,-1,-1
9,28,259.65,189.5,53.093,120.48,-1,-1,-1,-1
10,28,261.95,189,52.172,118.39,-1,-1,-1,-1
11,28,263.9,187.74,52.072,118.16,-1,-1,-1,-1
12,28,267.51,188.64,52.553,119.25,-1,-1,-1,-1
13,28,268.47,184.84,53.881,122.26,-1,-1,-1,-1
14,28,269.18,184.56,53.947,122.41,-1,-1,-1,-1
15,28,269.73,186.02,53.37,121.11,-1,-1,-1,-1
16,28,269.96,188.98,52.32,118.73,-1,-1,-1,-1
17,28,270.02,187.67,51.812,117.57,-1,-1,-1,-1
18,28,269.9,188.6,51.474,116.81,-1,-1,-1,-1
19,28,269.83,186.5,52.453,119.03,-1,-1,-1,-1
20,28,269.76,183.32,53.904,122.32,-1,-1,-1,-1
21,28,269.7,180.1,55.358,125.62,-1,-1,-1,-1
22,28,269.69,177.86,56.298,127.75,-1,-1,-1,-1
23,28,269.8,178.57,55.712,126.42,-1,-1,-1,-1
24,28,270.1,182.81,53.147,120.6,-1,-1,-1,-1
25,28,270.22,184.3,52.223,118.51,-1,-1,-1,-1
26,28,270.23,184.37,52.175,118.4,-1,-1,-1,-1
27,28,270.15,183.16,52.889,120.02,-1,-1,-1,-1
28,28,270.04,181.52,53.862,122.22,-1,-1,-1,-1
29,28,269.84,179.81,54.938,124.66,-1,-1,-1,-1
30,28,269.39,178.19,56.156,127.43,-1,-1,-1,-1
31,28,268.26,176.92,57.684,130.9,-1,-1,-1,-1
32,28,265.5,176.89,59.752,135.59,-1,-1,-1,-1
33,28,263.93,181.35,57.958,131.52,-1,-1,-1,-1
34,28,265.33,183.19,57.187,129.77,-1,-1,-1,-1
35,28,261.94,183.98,56.931,129.18,-1,-1,-1,-1
36,28,259.43,184.55,56.887,129.08,-1,-1,-1,-1
37,28,257.16,184.21,56.814,128.92,-1,-1,-1,-1
38,28,256.06,182.92,56.849,129,-1,-1,-1,-1
39,28,259.09,180.52,56.867,129.04,-1,-1,-1,-1
40,28,260.25,182.64,56.873,129.05,-1,-1,-1,-1
41,28,260.7,183.4,56.867,129.04,-1,-1,-1,-1
42,28,260.87,183.54,56.851,129,-1,-1,-1,-1
43,28,260.94,183.19,56.822,128.94,-1,-1,-1,-1
44,28,260.94,181.93,56.802,128.89,-1,-1,-1,-1
45,28,260.83,178.42,56.872,129.05,-1,-1,-1,-1
46,28,260.42,176.95,57.286,129.99,-1,-1,-1,-1
47,28,259.2,175.85,58.648,133.08,-1,-1,-1,-1
48,28,257.74,174.94,60.322,136.88,-1,-1,-1,-1
49,28,256.34,174.17,61.999,140.69,-1,-1,-1,-1
50,28,255.34,173.55,63.489,144.07,-1,-1,-1,-1
51,28,253.65,172.29,66.418,150.73,-1,-1,-1,-1
52,28,254.17,172,68.313,155.03,-1,-1,-1,-1
53,28,261.94,175.19,65.736,149.18,-1,-1,-1,-1
54,28,266.24,177.32,62.945,142.84,-1,-1,-1,-1
55,28,268.93,179,60.517,137.32,-1,-1,-1,-1
56,28,269.93,174.27,62.957,142.86,-1,-1,-1,-1
57,28,271.6,177.52,58.823,133.48,-1,-1,-1,-1
58,28,274.43,181.32,57.497,130.47,-1,-1,-1,-1
59,28,273.03,180.97,58.069,131.77,-1,-1,-1,-1
60,28,274.11,176.37,60.912,138.22,-1,-1,-1,-1
61,28,274.44,174.49,62.139,141.01,-1,-1,-1,-1
62,28,274.38,173.55,62.894,142.72,-1,-1,-1,-1
63,28,273.89,172.63,63.931,145.07,-1,-1,-1,-1
64,28,272.68,174.51,62.872,142.67,-1,-1,-1,-1
65,28,271.51,177.5,60.994,138.41,-1,-1,-1,-1
66,28,271.13,180.91,58.862,133.58,-1,-1,-1,-1
67,28,273.1,184.45,56.788,128.87,-1,-1,-1,-1
68,28,281.21,187.77,55.292,125.47,-1,-1,-1,-1
69,28,279.17,183.37,57.348,130.13,-1,-1,-1,-1
70,28,278,177.6,60.516,137.32,-1,-1,-1,-1
71,28,280.26,176.4,61.123,138.7,-1,-1,-1,-1
72,28,283.01,176.34,61.054,138.55,-1,-1,-1,-1
73,28,284.95,179.09,59.404,134.8,-1,-1,-1,-1
74,28,284.32,175.81,61.262,139.02,-1,-1,-1,-1
75,28,284.05,174.52,62.019,140.73,-1,-1,-1,-1
76,28,283.98,174.09,62.268,141.3,-1,-1,-1,-1
77,28,284.02,174.08,62.292,141.35,-1,-1,-1,-1
78,28,284.16,174.31,62.198,141.14,-1,-1,-1,-1
79,28,284.77,175.6,61.498,139.55,-1,-1,-1,-1
80,28,286.4,179.09,59.547,135.12,-1,-1,-1,-1
81,28,288.04,182.87,57.732,131,-1,-1,-1,-1
82,28,290.32,184.6,57.579,130.65,-1,-1,-1,-1
83,28,292.3,185.07,58.125,131.89,-1,-1,-1,-1
84,28,294.22,184.5,58.445,132.62,-1,-1,-1,-1
85,28,293.97,183.56,61.065,138.57,-1,-1,-1,-1
86,28,293.87,182.67,62.055,140.82,-1,-1,-1,-1
87,28,293.87,180.98,62.349,141.48,-1,-1,-1,-1
88,28,293.91,176.71,62.349,141.48,-1,-1,-1,-1
89,28,294.05,175.63,62.037,140.78,-1,-1,-1,-1
90,28,294.5,176.84,60.954,138.32,-1,-1,-1,-1
91,28,295.69,181.5,58.048,131.72,-1,-1,-1,-1
92,28,296.17,182.78,57.055,129.46,-1,-1,-1,-1
93,28,296.38,181.83,57.114,129.6,-1,-1,-1,-1
94,28,296.59,178.63,58.065,131.76,-1,-1,-1,-1
95,28,296.99,169.22,60.941,138.29,-1,-1,-1,-1
96,28,300.61,165.66,61.998,140.69,-1,-1,-1,-1
97,28,302.06,164.43,62.291,141.35,-1,-1,-1,-1
98,28,302.64,164.05,62.335,141.45,-1,-1,-1,-1
99,28,302.87,163.98,62.322,141.42,-1,-1,-1,-1
100,28,302.95,164.08,62.272,141.31,-1,-1,-1,-1
101,28,303,164.55,62.069,140.85,-1,-1,-1,-1
102,28,303.12,165.98,61.389,139.3,-1,-1,-1,-1
103,28,303.43,169.76,59.586,135.21,-1,-1,-1,-1
104,28,302.68,172.24,58.678,133.15,-1,-1,-1,-1
105,28,298.99,169.71,60.676,137.69,-1,-1,-1,-1
106,28,294.87,165.84,63.363,143.78,-1,-1,-1,-1
107,28,295.72,172.39,59.11,134.13,-1,-1,-1,-1
108,28,296.09,174.99,57.395,130.24,-1,-1,-1,-1
109,28,296.18,175.86,56.843,128.99,-1,-1,-1,-1
110,28,296.18,176.05,56.725,128.72,-1,-1,-1,-1
111,28,296.14,175.9,56.786,128.86,-1,-1,-1,-1
112,28,296.01,175.26,57.104,129.58,-1,-1,-1,-1
113,28,295.61,173.37,58.106,131.85,-1,-1,-1,-1
114,28,294.58,168.45,60.68,137.69,-1,-1,-1,-1
115,28,294.54,169.13,60.721,137.79,-1,-1,-1,-1
116,28,295.34,175.86,58.47,132.68,-1,-1,-1,-1
117,28,294.94,173.41,58.714,133.23,-1,-1,-1,-1
118,28,292.88,167.21,61.807,140.25,-1,-1,-1,-1
119,28,289.95,165.04,63.778,144.73,-1,-1,-1,-1
120,28,286.88,172.23,59.468,134.94,-1,-1,-1,-1
121,28,283.15,174.61,58.678,133.15,-1,-1,-1,-1
122,28,274.87,174.12,60.981,138.38,-1,-1,-1,-1
123,28,266.53,173.87,61.906,140.48,-1,-1,-1,-1
124,28,259.92,173.85,62.186,141.11,-1,-1,-1,-1
125,28,257.41,173.9,62.219,141.19,-1,-1,-1,-1
126,28,256.44,173.9,62.19,141.12,-1,-1,-1,-1
127,28,255.95,173.65,62.223,141.2,-1,-1,-1,-1
128,28,255.35,172.71,62.537,141.91,-1,-1,-1,-1
129,28,253.94,169.93,63.626,144.38,-1,-1,-1,-1
130,28,250.37,162.7,66.441,150.77,-1,-1,-1,-1
131,28,248.87,161.58,66.436,150.76,-1,-1,-1,-1
132,28,247.89,165.39,63.661,144.46,-1,-1,-1,-1
133,28,248.64,170.06,62.818,142.55,-1,-1,-1,-1
134,28,251.77,169.97,63.287,143.61,-1,-1,-1,-1
135,28,250.55,165.45,65.154,147.85,-1,-1,-1,-1
136,28,251.47,169.65,63.023,143.02,-1,-1,-1,-1
137,28,257.74,169.13,62.02,140.75,-1,-1,-1,-1
138,28,249.47,165.26,62.949,142.85,-1,-1,-1,-1
139,28,245.74,163.09,63.977,145.18,-1,-1,-1,-1
140,28,241.39,159.09,67.591,153.38,-1,-1,-1,-1
141,28,239.88,157.05,70.024,158.9,-1,-1,-1,-1
142,28,242.25,164.16,66.351,150.56,-1,-1,-1,-1
143,28,240.27,159.94,68.126,154.59,-1,-1,-1,-1
144,28,239.47,157.3,70.327,159.58,-1,-1,-1,-1
145,28,240.51,156.31,71.371,161.94,-1,-1,-1,-1
146,28,245.63,158.21,68.951,156.46,-1,-1,-1,-1
147,28,247.67,158.47,68.212,154.79,-1,-1,-1,-1
148,28,248.32,159.1,67.762,153.77,-1,-1,-1,-1
149,28,248.34,160.95,66.943,151.91,-1,-1,-1,-1
150,28,247.72,165.81,65.005,147.51,-1,-1,-1,-1
151,28,248.27,161.19,67.001,152.04,-1,-1,-1,-1
152,28,248.34,160.31,67.487,153.15,-1,-1,-1,-1
153,28,248.27,162.97,66.373,150.62,-1,-1,-1,-1
154,28,248.01,171.84,62.519,141.87,-1,-1,-1,-1
155,28,249.49,177.89,59.53,135.08,-1,-1,-1,-1
156,28,247.54,175.62,61.102,138.65,-1,-1,-1,-1
157,28,246.87,174.27,62.158,141.05,-1,-1,-1,-1
158,28,246.88,172.69,63.566,144.24,-1,-1,-1,-1
159,28,247.66,169.46,66.605,151.14,-1,-1,-1,-1
160,28,247.71,169.01,67.024,152.09,-1,-1,-1,-1
161,28,247.1,170.93,65.202,147.96,-1,-1,-1,-1
162,28,246.75,173.17,63.087,143.16,-1,-1,-1,-1
163,28,246.8,173.66,62.619,142.1,-1,-1,-1,-1
164,28,247.21,172.74,63.491,144.07,-1,-1,-1,-1
165,28,248.53,169.75,66.332,150.52,-1,-1,-1,-1
166,28,249.78,169.41,66.654,151.25,-1,-1,-1,-1
167,28,252.13,171.16,64.975,147.44,-1,-1,-1,-1
168,28,250.13,168.96,67.019,152.08,-1,-1,-1,-1
169,28,249.35,167.92,67.835,153.94,-1,-1,-1,-1
170,28,249.1,167.2,68.091,154.52,-1,-1,-1,-1
171,28,249.11,166,68.095,154.53,-1,-1,-1,-1
172,28,249.41,163.13,67.853,153.98,-1,-1,-1,-1
173,28,250.29,165.8,67.072,152.21,-1,-1,-1,-1
174,28,250.98,167.84,66.443,150.78,-1,-1,-1,-1
175,28,253.87,170.24,63.761,144.69,-1,-1,-1,-1
176,28,254.19,167.84,63.521,144.14,-1,-1,-1,-1
177,28,252.34,168.49,65.3,148.18,-1,-1,-1,-1
178,28,254.23,170.49,63.575,144.27,-1,-1,-1,-1
179,28,254.12,168.41,63.694,144.54,-1,-1,-1,-1
180,28,253.28,165.18,64.56,146.51,-1,-1,-1,-1
181,28,252.46,162.94,65.463,148.56,-1,-1,-1,-1
182,28,252.85,162.94,65.323,148.23,-1,-1,-1,-1
183,28,257.49,168.77,61.723,140.06,-1,-1,-1,-1
184,28,257.69,165.3,64.817,147.08,-1,-1,-1,-1
185,28,255.77,169.62,64.285,145.88,-1,-1,-1,-1
186,28,253.34,168.92,66.386,150.65,-1,-1,-1,-1
187,28,255.53,169.71,66.31,150.47,-1,-1,-1,-1
188,28,256.85,169.65,66.771,151.51,-1,-1,-1,-1
189,28,257.92,168.88,67.53,153.24,-1,-1,-1,-1
190,28,259.06,167.72,68.306,155,-1,-1,-1,-1
191,28,259.37,166.55,69.102,156.81,-1,-1,-1,-1
192,28,259.58,167.2,68.59,155.65,-1,-1,-1,-1
193,28,259.63,167.7,68.048,154.42,-1,-1,-1,-1
194,28,259.8,169.01,66.518,150.95,-1,-1,-1,-1
195,28,260.46,172.95,62.043,140.79,-1,-1,-1,-1
196,28,261.22,177.65,56.921,129.16,-1,-1,-1,-1
197,28,261.64,181.68,53.124,120.55,-1,-1,-1,-1
198,28,261.02,183.2,53.707,121.87,-1,-1,-1,-1
199,28,260.99,179.96,55.729,126.46,-1,-1,-1,-1
200,28,260.89,180.43,56.814,128.92,-1,-1,-1,-1
201,28,260.57,177.01,58.105,131.85,-1,-1,-1,-1
202,28,259.67,174.15,61.024,138.47,-1,-1,-1,-1
203,28,262.82,172.23,62.048,140.8,-1,-1,-1,-1
204,28,264.09,169.21,62.303,141.38,-1,-1,-1,-1
205,28,264.62,166.8,62.314,141.4,-1,-1,-1,-1
206,28,264.85,167.39,62.276,141.32,-1,-1,-1,-1
207,28,264.95,171.47,62.247,141.25,-1,-1,-1,-1
208,28,265.02,173.04,62.232,141.22,-1,-1,-1,-1
209,28,265.12,173.64,62.227,141.21,-1,-1,-1,-1
210,28,265.36,173.87,62.225,141.2,-1,-1,-1,-1
211,28,266,173.96,62.215,141.18,-1,-1,-1,-1
212,28,267.67,174.04,62.173,141.08,-1,-1,-1,-1
213,28,272.03,174.18,62.05,140.81,-1,-1,-1,-1
214,28,273.39,174.49,61.76,140.15,-1,-1,-1,-1
215,28,274.4,174.22,62.011,140.72,-1,-1,-1,-1
216,28,274.75,174.07,62.143,141.02,-1,-1,-1,-1
217,28,274.73,173.78,62.374,141.54,-1,-1,-1,-1
218,28,274.24,172.87,63.099,143.19,-1,-1,-1,-1
219,28,272.81,170.41,65.056,147.63,-1,-1,-1,-1
220,28,271.81,168.12,66.241,150.32,-1,-1,-1,-1
221,28,273.19,167.23,64.496,146.35,-1,-1,-1,-1
222,28,274.35,166.04,63.191,143.39,-1,-1,-1,-1
223,28,274.43,165.97,63.707,144.57,-1,-1,-1,-1
224,28,273.6,167.12,66.39,150.65,-1,-1,-1,-1
225,28,276.86,168.51,66.44,150.77,-1,-1,-1,-1
226,28,276.46,171.53,63.9,145,-1,-1,-1,-1
227,28,277.22,171.4,63.64,144.41,-1,-1,-1,-1
228,28,279.93,168.08,65.308,148.2,-1,-1,-1,-1
229,28,282.04,165.97,63.243,143.51,-1,-1,-1,-1
230,28,282.05,165.64,62.42,141.65,-1,-1,-1,-1
231,28,279.87,166.51,62.215,141.18,-1,-1,-1,-1
232,28,282.33,169.47,62.42,141.64,-1,-1,-1,-1
233,28,282.9,167.46,63.242,143.51,-1,-1,-1,-1
234,28,282.22,168.69,65.303,148.19,-1,-1,-1,-1
235,28,283.21,171.76,63.628,144.38,-1,-1,-1,-1
236,28,283.13,172.01,63.876,144.95,-1,-1,-1,-1
237,28,281.83,169.54,66.405,150.69,-1,-1,-1,-1
238,28,281.79,169.66,66.38,150.63,-1,-1,-1,-1
239,28,282.91,172.38,63.862,144.92,-1,-1,-1,-1
240,28,282.47,172.44,63.903,145.01,-1,-1,-1,-1
241,28,279.95,169.78,66.652,151.25,-1,-1,-1,-1
242,28,276.64,169.5,67.462,153.09,-1,-1,-1,-1
243,28,280.36,171.57,66.955,151.94,-1,-1,-1,-1
244,28,283.58,177.58,65.016,147.54,-1,-1,-1,-1
245,28,285.78,175.83,66.999,152.04,-1,-1,-1,-1
246,28,282.8,171.08,67.749,153.74,-1,-1,-1,-1
247,28,281.81,169.93,67.735,153.71,-1,-1,-1,-1
248,28,281.82,171.21,66.959,151.95,-1,-1,-1,-1
249,28,282.69,175.86,64.958,147.4,-1,-1,-1,-1
250,28,281.58,170.91,66.951,151.93,-1,-1,-1,-1
251,28,281.06,168.94,67.77,153.79,-1,-1,-1,-1
252,28,280.73,168.29,67.987,154.28,-1,-1,-1,-1
253,28,280.24,168.28,67.836,153.94,-1,-1,-1,-1
254,28,279.08,168.83,67.241,152.59,-1,-1,-1,-1
255,28,275.95,170.17,65.881,149.5,-1,-1,-1,-1
256,28,273.23,166.43,69.292,157.23,-1,-1,-1,-1
257,28,273.47,169.79,66.231,150.29,-1,-1,-1,-1
258,28,271.71,167.89,68.12,154.58,-1,-1,-1,-1
259,28,272.01,166.62,69.429,157.54,-1,-1,-1,-1
260,28,274.5,173.61,63.539,144.18,-1,-1,-1,-1
261,28,276.08,179.25,59.814,135.73,-1,-1,-1,-1
262,28,274.38,177.05,61.732,140.08,-1,-1,-1,-1
263,28,271.24,176.02,64.799,147.04,-1,-1,-1,-1
264,28,263.83,165.77,71.501,162.24,-1,-1,-1,-1
265,28,261.36,162.67,73.305,166.34,-1,-1,-1,-1
266,28,261.53,164.05,71.644,162.57,-1,-1,-1,-1
267,28,264.24,170.59,65.468,148.56,-1,-1,-1,-1
268,28,265.55,172.14,63.927,145.06,-1,-1,-1,-1
269,28,266.76,170.24,65.494,148.62,-1,-1,-1,-1
270,28,264.93,170.92,64.215,145.72,-1,-1,-1,-1
271,28,262.81,167.88,65.482,148.59,-1,-1,-1,-1
272,28,263.87,165.41,63.596,144.31,-1,-1,-1,-1
273,28,263.47,163.46,63.904,145.01,-1,-1,-1,-1
274,28,261.17,160.05,66.75,151.47,-1,-1,-1,-1
275,28,260.54,159.65,67.511,153.2,-1,-1,-1,-1
276,28,261.1,162.25,66.594,151.12,-1,-1,-1,-1
277,28,263.34,170.26,63.252,143.53,-1,-1,-1,-1
278,28,263.68,173.82,61.582,139.74,-1,-1,-1,-1
279,28,262.19,175.81,60.496,137.28,-1,-1,-1,-1
280,28,260.79,166.8,65.474,148.57,-1,-1,-1,-1
281,28,259.76,157.56,70.393,159.73,-1,-1,-1,-1
282,28,259.73,158.46,69.189,157,-1,-1,-1,-1
283,28,259.86,160.55,68.519,155.49,-1,-1,-1,-1
284,28,260.06,165.4,68.182,154.72,-1,-1,-1,-1
285,28,260.56,167.84,67.826,153.92,-1,-1,-1,-1
286,28,261.93,170.46,66.942,151.91,-1,-1,-1,-1
287,28,265.54,175.82,64.702,146.82,-1,-1,-1,-1
288,28,269.38,171.93,65.843,149.41,-1,-1,-1,-1
289,28,272.96,172.44,64.363,146.05,-1,-1,-1,-1
290,28,274.4,170.88,65.472,148.57,-1,-1,-1,-1
291,28,280.79,173.13,63.19,143.39,-1,-1,-1,-1
292,28,283.84,173.96,62.35,141.49,-1,-1,-1,-1
293,28,286.45,173.84,62.44,141.69,-1,-1,-1,-1
294,28,291.12,172.44,63.744,144.65,-1,-1,-1,-1
295,28,292.52,168.38,67.543,153.27,-1,-1,-1,-1
296,28,295.8,165.36,70.27,159.45,-1,-1,-1,-1
297,28,301.75,168.53,67.349,152.83,-1,-1,-1,-1
298,28,305.85,164.7,70.901,160.88,-1,-1,-1,-1
299,28,310.23,165.49,70.248,159.4,-1,-1,-1,-1
300,28,312.67,163.29,72.217,163.87,-1,-1,-1,-1
301,28,315.69,161.85,73.502,166.78,-1,-1,-1,-1
302,28,318.12,162.86,72.582,164.7,-1,-1,-1,-1
303,28,322.45,167.41,68.469,155.37,-1,-1,-1,-1
304,28,326.18,171.19,64.943,147.37,-1,-1,-1,-1
305,28,333.45,170.62,65.51,148.66,-1,-1,-1,-1
306,28,341.25,172.82,63.404,143.88,-1,-1,-1,-1
307,28,348.84,172.86,63.36,143.78,-1,-1,-1,-1
308,28,353.85,170.96,65.17,147.89,-1,-1,-1,-1
309,28,358.94,172.7,63.517,144.13,-1,-1,-1,-1
310,28,361.39,172.04,64.133,145.53,-1,-1,-1,-1
311,28,363.52,168.01,67.903,154.09,-1,-1,-1,-1
312,28,364.27,164.47,71.134,161.41,-1,-1,-1,-1
313,28,367.16,166.57,69.298,157.25,-1,-1,-1,-1
314,28,372.25,167.53,68.457,155.35,-1,-1,-1,-1
315,28,374.41,167.9,68.163,154.68,-1,-1,-1,-1
316,28,375.83,168.06,68.093,154.52,-1,-1,-1,-1
317,28,378,168.33,68.031,154.38,-1,-1,-1,-1
318,28,383.19,169.23,67.712,153.65,-1,-1,-1,-1
319,28,385.68,171.86,66.624,151.19,-1,-1,-1,-1
320,28,387.88,178.68,63.814,144.81,-1,-1,-1,-1
321,28,388.23,178.75,63.846,144.88,-1,-1,-1,-1
322,28,387.12,172.16,66.708,151.38,-1,-1,-1,-1
323,28,387.26,170.25,67.775,153.8,-1,-1,-1,-1
324,28,388.99,171.49,67.776,153.8,-1,-1,-1,-1
325,28,394.08,177.21,66.642,151.23,-1,-1,-1,-1
326,28,397.47,181.86,63.431,143.94,-1,-1,-1,-1
327,28,398.78,183.27,62.343,141.47,-1,-1,-1,-1
328,28,399.12,182.45,62.669,142.21,-1,-1,-1,-1
329,28,398.71,178.27,64.995,147.48,-1,-1,-1,-1
330,28,397.23,166.79,71.453,162.14,-1,-1,-1,-1
331,28,396.7,162.9,73.465,166.7,-1,-1,-1,-1
332,28,396.63,162.91,72.912,165.45,-1,-1,-1,-1
333,28,396.64,166.02,69.936,158.7,-1,-1,-1,-1
334,28,396.69,165.99,69.88,158.57,-1,-1,-1,-1
335,28,396.77,162.61,72.864,165.34,-1,-1,-1,-1
336,28,396.76,161.36,73.96,167.82,-1,-1,-1,-1
337,28,396.8,161.28,74.025,167.97,-1,-1,-1,-1
338,28,396.88,162.18,73.216,166.13,-1,-1,-1,-1
339,28,396.88,164.56,71.083,161.3,-1,-1,-1,-1
340,28,397.13,162.16,73.174,166.04,-1,-1,-1,-1
341,28,397.65,161.41,73.72,167.28,-1,-1,-1,-1
342,28,399.21,162.14,72.771,165.13,-1,-1,-1,-1
343,28,403.33,164.98,69.452,157.6,-1,-1,-1,-1
344,28,403.3,163.96,68.289,154.96,-1,-1,-1,-1
345,28,399.01,167.88,68.301,154.99,-1,-1,-1,-1
346,28,397.25,170.72,69.435,157.56,-1,-1,-1,-1
347,28,396.41,164.64,72.495,164.5,-1,-1,-1,-1
348,28,395.52,163.55,72.568,164.67,-1,-1,-1,-1
349,28,393.64,166.27,69.799,158.39,-1,-1,-1,-1
350,28,389.03,166.5,69.463,157.63,-1,-1,-1,-1
351,28,387.09,164.43,71.258,161.7,-1,-1,-1,-1
352,28,386.59,166.56,69.341,157.35,-1,-1,-1,-1
353,28,386.21,166.15,69.687,158.13,-1,-1,-1,-1
354,28,385.38,162.42,72.985,165.61,-1,-1,-1,-1
312,29,287.76,212.72,26.19,59.431,-1,-1,-1,-1
313,29,289,211.57,27.1,61.493,-1,-1,-1,-1
314,29,290.2,210.48,27.972,63.47,-1,-1,-1,-1
315,29,290.67,210.1,28.294,64.197,-1,-1,-1,-1
316,29,290.8,209.91,28.522,64.716,-1,-1,-1,-1
317,29,290.64,209.51,29.06,65.936,-1,-1,-1,-1
318,29,290.36,209.02,29.722,67.441,-1,-1,-1,-1
319,29,290.05,208.51,30.424,69.035,-1,-1,-1,-1
320,29,289.72,208,31.134,70.646,-1,-1,-1,-1
321,29,289.38,207.5,31.843,72.255,-1,-1,-1,-1
322,29,289.05,206.99,32.55,73.86,-1,-1,-1,-1
323,29,288.72,206.49,33.258,75.467,-1,-1,-1,-1
324,29,288.38,205.98,33.969,77.08,-1,-1,-1,-1
325,29,288.03,205.46,34.683,78.703,-1,-1,-1,-1
326,29,287.65,204.94,35.395,80.319,-1,-1,-1,-1
327,29,287.23,204.44,36.071,81.853,-1,-1,-1,-1
328,29,286.69,204.05,36.609,83.075,-1,-1,-1,-1
329,29,285.87,203.95,36.768,83.435,-1,-1,-1,-1
330,29,283.92,203.97,36.788,83.48,-1,-1,-1,-1
331,29,281.58,204.02,36.773,83.448,-1,-1,-1,-1
332,29,279.25,204.07,36.778,83.459,-1,-1,-1,-1
333,29,277.34,204.1,36.872,83.671,-1,-1,-1,-1
334,29,276.65,204.08,37.204,84.423,-1,-1,-1,-1
335,29,276.42,204.06,37.617,85.361,-1,-1,-1,-1
336,29,276.32,204.04,38.046,86.334,-1,-1,-1,-1
337,29,276.13,204.02,38.477,87.31,-1,-1,-1,-1
338,29,275.52,203.92,38.945,88.372,-1,-1,-1,-1
339,29,273.74,203.51,39.583,89.822,-1,-1,-1,-1
340,29,268.8,202.23,40.73,92.429,-1,-1,-1,-1
341,29,263.45,198.81,42.931,97.431,-1,-1,-1,-1
342,29,260.72,197.7,43.784,99.368,-1,-1,-1,-1
343,29,257.8,197.59,44.308,100.56,-1,-1,-1,-1
344,29,255,197.45,44.842,101.76,-1,-1,-1,-1
345,29,252.42,196.72,45.614,103.51,-1,-1,-1,-1
346,29,250.43,194.68,46.988,106.63,-1,-1,-1,-1
347,29,250.18,190.02,49.606,112.57,-1,-1,-1,-1
348,29,246.69,191.81,48.587,110.26,-1,-1,-1,-1
349,29,241.96,192.67,48.08,109.11,-1,-1,-1,-1
350,29,238.09,193.02,47.934,108.78,-1,-1,-1,-1
351,29,238.15,193.03,48.172,109.32,-1,-1,-1,-1
352,29,237.26,193.35,48.833,110.82,-1,-1,-1,-1
353,29,232.31,193.33,51.062,115.87,-1,-1,-1,-1
354,29,229.75,193.82,52.197,118.45,-1,-1,-1,-1
327,30,261.95,207.06,33.608,76.262,-1,-1,-1,-1
328,30,261.89,207.63,33.357,75.692,-1,-1,-1,-1
329,30,261.68,209.16,32.656,74.101,-1,-1,-1,-1
330,30,261.41,211.04,31.78,72.112,-1,-1,-1,-1
331,30,261.07,213.01,30.852,70.006,-1,-1,-1,-1
332,30,260.59,214.83,29.974,68.012,-1,-1,-1,-1
333,30,259.69,216.06,29.383,66.671,-1,-1,-1,-1
334,30,257.64,215.51,29.703,67.397,-1,-1,-1,-1
335,30,252.66,210.48,32.283,73.255,-1,-1,-1,-1
336,30,248.38,209.32,33.271,75.497,-1,-1,-1,-1
337,30,246.52,210.82,33.707,76.487,-1,-1,-1,-1
338,30,245.05,211.08,34.36,77.968,-1,-1,-1,-1
339,30,242.41,210.16,36.056,81.819,-1,-1,-1,-1
340,30,240.29,209.84,36.637,83.139,-1,-1,-1,-1
341,30,236.53,209.74,36.765,83.428,-1,-1,-1,-1
342,30,233.28,209.48,36.778,83.458,-1,-1,-1,-1
343,30,232.18,208.58,36.908,83.753,-1,-1,-1,-1
344,30,232.04,205.9,37.494,85.083,-1,-1,-1,-1
345,30,227.63,204.71,39.195,88.944,-1,-1,-1,-1
346,30,224.91,204.53,39.831,90.385,-1,-1,-1,-1
347,30,221.06,205.03,40.187,91.195,-1,-1,-1,-1
348,30,218.09,206.34,40.943,92.914,-1,-1,-1,-1
349,30,212.96,203.58,42.991,97.567,-1,-1,-1,-1
350,30,206.97,200.94,43.718,99.219,-1,-1,-1,-1
351,30,201.13,202.72,43.902,99.639,-1,-1,-1,-1
352,30,196.52,203.48,43.913,99.663,-1,-1,-1,-1
353,30,194.5,203.83,43.89,99.61,-1,-1,-1,-1
354,30,192.99,204.04,43.878,99.584,-1,-1,-1,-1
278,33,176.8,214.25,26,59,-1,-1,-1,-1
279,33,177.84,213.39,26,59,-1,-1,-1,-1
280,33,178.97,213.16,26,59,-1,-1,-1,-1
281,33,180.23,213.11,25.999,58.997,-1,-1,-1,-1
282,33,181.51,213.19,25.996,58.991,-1,-1,-1,-1
283,33,182.75,213.47,25.99,58.978,-1,-1,-1,-1
284,33,183.88,214.22,25.98,58.954,-1,-1,-1,-1
285,33,185.99,216.19,25.969,58.929,-1,-1,-1,-1
286,33,187.18,217.28,25.983,58.961,-1,-1,-1,-1
287,33,188.6,218.49,26.101,59.229,-1,-1,-1,-1
288,33,191.64,216.94,26.526,60.193,-1,-1,-1,-1
289,33,195.31,215.12,27.666,62.776,-1,-1,-1,-1
290,33,199.54,214.8,27.787,63.05,-1,-1,-1,-1
291,33,204.49,215.55,27.13,61.56,-1,-1,-1,-1
292,33,206.73,214.36,28.03,63.601,-1,-1,-1,-1
293,33,207.73,213.56,28.591,64.874,-1,-1,-1,-1
294,33,208.58,212.56,29.209,66.276,-1,-1,-1,-1
295,33,211.34,214.83,27.551,62.517,-1,-1,-1,-1
296,33,214.17,214.27,28.025,63.588,-1,-1,-1,-1
297,33,219.06,213.72,28.434,64.516,-1,-1,-1,-1
298,33,221.88,212.64,29.156,66.154,-1,-1,-1,-1
299,33,223.84,211.45,29.935,67.924,-1,-1,-1,-1
300,33,225.28,210.45,30.59,69.41,-1,-1,-1,-1
301,33,226.01,210.03,30.886,70.083,-1,-1,-1,-1
302,33,226.64,209.51,31.333,71.097,-1,-1,-1,-1
303,33,227.74,208.17,32.552,73.864,-1,-1,-1,-1
304,33,230.55,208.04,32.755,74.325,-1,-1,-1,-1
305,33,232.52,205.2,35.536,80.639,-1,-1,-1,-1
306,33,236.22,204.18,36.542,82.922,-1,-1,-1,-1
307,33,240.3,203.95,36.796,83.499,-1,-1,-1,-1
308,33,242.71,203.99,36.801,83.511,-1,-1,-1,-1
309,33,245.71,204.08,36.784,83.472,-1,-1,-1,-1
310,33,246.22,204.11,36.917,83.773,-1,-1,-1,-1
311,33,244.65,203.91,37.509,85.116,-1,-1,-1,-1
312,33,245.43,203.24,39.18,88.91,-1,-1,-1,-1
313,33,246.67,202.24,39.665,90.009,-1,-1,-1,-1
314,33,249.57,199.76,39.556,89.764,-1,-1,-1,-1
315,33,250.77,198.87,39.194,88.943,-1,-1,-1,-1
316,33,249.02,197.65,42.332,96.073,-1,-1,-1,-1
317,33,248.34,197.62,43.497,98.719,-1,-1,-1,-1
318,33,248.05,198.76,43.837,99.491,-1,-1,-1,-1
319,33,247.69,201.82,44.028,99.925,-1,-1,-1,-1
320,33,246.73,202.44,44.611,101.25,-1,-1,-1,-1
321,33,244.1,201.04,46.34,105.17,-1,-1,-1,-1
322,33,244.49,200.89,46.313,105.1,-1,-1,-1,-1
323,33,240.79,196.73,49.503,112.34,-1,-1,-1,-1
324,33,240.07,197.13,49.447,112.21,-1,-1,-1,-1
325,33,238.08,194.35,51.193,116.17,-1,-1,-1,-1
326,33,236.11,193.27,51.818,117.59,-1,-1,-1,-1
327,33,232.07,192.53,52.189,118.43,-1,-1,-1,-1
328,33,229.71,190.91,53.106,120.51,-1,-1,-1,-1
329,33,226.55,186.51,55.724,126.45,-1,-1,-1,-1
330,33,223.85,184.95,56.911,129.14,-1,-1,-1,-1
331,33,218.78,184.32,58.144,131.94,-1,-1,-1,-1
332,33,215.14,183.7,60.913,138.22,-1,-1,-1,-1
333,33,209.79,183.61,61.64,139.87,-1,-1,-1,-1
334,33,206.24,183.61,61.351,139.22,-1,-1,-1,-1
335,33,200.48,182.68,60.639,137.6,-1,-1,-1,-1
336,33,194.9,177.95,65.88,149.5,-1,-1,-1,-1
337,33,186.91,171.93,69.145,156.9,-1,-1,-1,-1
338,33,179.47,169.48,73.848,167.57,-1,-1,-1,-1
339,33,171.61,164.19,77.489,175.84,-1,-1,-1,-1
340,33,166.75,162.37,77.486,175.83,-1,-1,-1,-1
341,33,159.01,160.94,81.544,185.03,-1,-1,-1,-1
342,33,153.27,158.81,80.144,181.86,-1,-1,-1,-1
343,33,141.82,150.43,88.198,200.14,-1,-1,-1,-1
344,33,128.21,142.57,99.453,225.68,-1,-1,-1,-1
345,33,119.55,133.28,104.38,236.86,-1,-1,-1,-1
346,33,106.63,128.03,109.01,247.36,-1,-1,-1,-1
347,33,92.232,120.77,118.66,269.27,-1,-1,-1,-1
348,33,80.12,121.08,117.19,265.92,-1,-1,-1,-1
349,33,73.539,120.5,116.07,263.38,-1,-1,-1,-1
350,33,66.559,122.18,113.17,256.8,-1,-1,-1,-1
