380,1,60.474,210.09,39.885,90.509,-1,-1,-1,-1
381,1,61.105,209.7,40.128,91.061,-1,-1,-1,-1
382,1,62.561,208.57,40.879,92.768,-1,-1,-1,-1
383,1,60.261,205.52,42.933,97.437,-1,-1,-1,-1
384,1,59.331,204.43,43.66,99.088,-1,-1,-1,-1
385,1,58.801,204.13,43.867,99.558,-1,-1,-1,-1
386,1,58.004,204.02,44.032,99.934,-1,-1,-1,-1
387,1,56.019,203.7,44.579,101.17,-1,-1,-1,-1
388,1,50.83,202.76,46.125,104.68,-1,-1,-1,-1
389,1,46.607,204.98,45.522,103.31,-1,-1,-1,-1
390,1,43.603,201.33,47.315,107.38,-1,-1,-1,-1
391,1,42.105,198.8,48.695,110.5,-1,-1,-1,-1
392,1,40.61,194.86,51.051,115.85,-1,-1,-1,-1
393,1,42.012,193.47,51.839,117.63,-1,-1,-1,-1
394,1,39.617,193.08,52,118,-1,-1,-1,-1
395,1,38.881,192.91,52.015,118.03,-1,-1,-1,-1
396,1,38.906,192.46,52.215,118.49,-1,-1,-1,-1
397,1,39.56,190.92,53.103,120.5,-1,-1,-1,-1
398,1,41.435,186.66,55.653,126.29,-1,-1,-1,-1
399,1,42.879,185.58,56.519,128.25,-1,-1,-1,-1
400,1,45.206,186.36,56.78,128.84,-1,-1,-1,-1
401,1,42.429,189.11,57.269,129.95,-1,-1,-1,-1
402,1,39.44,186.79,59.147,134.22,-1,-1,-1,-1
403,1,33.115,176.77,64.576,146.54,-1,-1,-1,-1
404,1,31.136,176.3,65.838,149.4,-1,-1,-1,-1
405,1,23.779,167.21,71.497,162.23,-1,-1,-1,-1
406,1,20.778,165.87,73.002,165.65,-1,-1,-1,-1
407,1,18.803,170.18,72.515,164.55,-1,-1,-1,-1
408,1,16.911,164.2,77.743,176.42,-1,-1,-1,-1
409,1,10.45,161.85,79.421,180.23,-1,-1,-1,-1
410,1,6.1231,161.08,78.951,179.16,-1,-1,-1,-1
411,1,-0.53202,160.77,76.167,172.83,-1,-1,-1,-1
412,1,-4.8029,160.12,75.348,170.96,-1,-1,-1,-1
413,1,-9.3115,159.5,73.128,165.91,-1,-1,-1,-1
341,6,329.73,222.04,33.793,76.681,-1,-1,-1,-1
342,6,330.98,219.22,35.097,79.643,-1,-1,-1,-1
343,6,332.33,216.53,36.446,82.703,-1,-1,-1,-1
344,6,333.28,215.63,37.275,84.585,-1,-1,-1,-1
345,6,334.08,215.43,37.899,86.002,-1,-1,-1,-1
346,6,334.86,215.5,38.46,87.275,-1,-1,-1,-1
347,6,335.7,215.73,38.987,88.47,-1,-1,-1,-1
348,6,336.83,216.28,39.396,89.4,-1,-1,-1,-1
349,6,338.78,217.65,39.426,89.468,-1,-1,-1,-1
350,6,342.84,221.12,38.501,87.368,-1,-1,-1,-1
351,6,346.32,224.09,37.815,85.811,-1,-1,-1,-1
352,6,345.97,223.55,38.687,87.79,-1,-1,-1,-1
353,6,348.81,224.7,38.103,86.466,-1,-1,-1,-1
354,6,350.33,222.96,39.37,89.339,-1,-1,-1,-1
355,6,353.38,222.35,39.846,90.421,-1,-1,-1,-1
356,6,355.03,222.32,39.964,90.689,-1,-1,-1,-1
357,6,356.88,222.72,39.952,90.661,-1,-1,-1,-1
358,6,360.72,223.77,39.941,90.635,-1,-1,-1,-1
359,6,363.29,226.3,40.112,91.024,-1,-1,-1,-1
360,6,367.01,226.54,40.888,92.789,-1,-1,-1,-1
361,6,369.52,224.57,43.188,98.014,-1,-1,-1,-1
362,6,372.72,223.26,44.712,101.47,-1,-1,-1,-1
363,6,376.22,222.26,45.88,104.12,-1,-1,-1,-1
364,6,379.82,221.38,46.912,106.46,-1,-1,-1,-1
365,6,383.47,220.51,47.899,108.7,-1,-1,-1,-1
366,6,387.16,219.58,48.882,110.93,-1,-1,-1,-1
367,6,390.88,218.41,49.925,113.3,-1,-1,-1,-1
368,6,394.65,216.53,51.212,116.21,-1,-1,-1,-1
369,6,398.5,212.7,53.209,120.74,-1,-1,-1,-1
370,6,402.65,204.02,56.861,129.03,-1,-1,-1,-1
371,6,407.67,201.96,57.677,130.88,-1,-1,-1,-1
310,7,288.05,204,40.005,90.781,-1,-1,-1,-1
311,7,288.24,203.99,40.012,90.796,-1,-1,-1,-1
312,7,288.75,203.99,40.022,90.821,-1,-1,-1,-1
313,7,290.12,203.99,40.029,90.836,-1,-1,-1,-1
314,7,291.71,204.07,39.998,90.764,-1,-1,-1,-1
315,7,293.13,204.35,39.826,90.374,-1,-1,-1,-1
316,7,293.85,205.22,39.274,89.121,-1,-1,-1,-1
317,7,294.51,207.42,37.896,85.995,-1,-1,-1,-1
318,7,296.37,206.19,38.379,87.09,-1,-1,-1,-1
319,7,297.81,204.17,39.382,89.364,-1,-1,-1,-1
320,7,296.79,203.35,40.005,90.78,-1,-1,-1,-1
321,7,295.41,202.24,40.862,92.728,-1,-1,-1,-1
322,7,295.42,199.23,42.711,96.931,-1,-1,-1,-1
323,7,296.29,199.3,42.674,96.846,-1,-1,-1,-1
324,7,297.49,200.48,41.939,95.176,-1,-1,-1,-1
325,7,298.75,201.64,41.211,93.523,-1,-1,-1,-1
326,7,299.84,201.67,41.189,93.472,-1,-1,-1,-1
327,7,300.48,198.61,43.026,97.647,-1,-1,-1,-1
328,7,300.81,197.5,43.736,99.261,-1,-1,-1,-1
329,7,301.22,197.4,43.879,99.585,-1,-1,-1,-1
330,7,302.17,198.28,43.56,98.862,-1,-1,-1,-1
331,7,304.63,201.05,42.398,96.222,-1,-1,-1,-1
332,7,307.66,204.54,40.924,92.876,-1,-1,-1,-1
333,7,310.9,208.24,39.344,89.287,-1,-1,-1,-1
334,7,314.18,211.92,37.735,85.634,-1,-1,-1,-1
335,7,317.35,215.23,36.242,82.244,-1,-1,-1,-1
336,7,320.06,217.15,35.352,80.222,-1,-1,-1,-1
337,7,321.31,215.01,36.406,82.615,-1,-1,-1,-1
338,7,318.87,202.49,42.359,96.13,-1,-1,-1,-1
339,7,320.53,195.86,46.437,105.38,-1,-1,-1,-1
340,7,321.38,193.56,47.745,108.35,-1,-1,-1,-1
341,7,322.01,192.7,48.107,109.17,-1,-1,-1,-1
342,7,322.75,191.67,48.549,110.17,-1,-1,-1,-1
343,7,324.09,188.95,49.958,113.37,-1,-1,-1,-1
344,7,325.49,186.07,51.473,116.8,-1,-1,-1,-1
345,7,326.46,184.39,52.328,118.74,-1,-1,-1,-1
346,7,327.81,181.89,53.681,121.81,-1,-1,-1,-1
347,7,329.24,179.12,55.232,125.33,-1,-1,-1,-1
348,7,330.55,176.4,56.82,128.93,-1,-1,-1,-1
196,9,177.33,220.66,36.584,83.017,-1,-1,-1,-1
197,9,172.42,221.16,35.134,79.727,-1,-1,-1,-1
198,9,166.64,221.73,33.431,75.861,-1,-1,-1,-1
199,9,160.75,222.29,31.688,71.903,-1,-1,-1,-1
200,9,155.4,222.82,30.038,68.157,-1,-1,-1,-1
201,9,151.8,223.21,28.727,65.182,-1,-1,-1,-1
202,9,152.89,223.25,28.322,64.261,-1,-1,-1,-1
203,9,155.85,223.2,28.206,63.999,-1,-1,-1,-1
204,9,158.71,223.26,28.064,63.676,-1,-1,-1,-1
205,9,161.56,223.38,27.887,63.277,-1,-1,-1,-1
206,9,164.39,223.54,27.69,62.829,-1,-1,-1,-1
207,9,167.23,223.72,27.482,62.359,-1,-1,-1,-1
208,9,170.06,223.9,27.271,61.881,-1,-1,-1,-1
209,9,172.89,224.08,27.058,61.398,-1,-1,-1,-1
210,9,175.71,224.27,26.844,60.913,-1,-1,-1,-1
211,9,178.51,224.48,26.629,60.425,-1,-1,-1,-1
212,9,181.23,224.71,26.414,59.938,-1,-1,-1,-1
213,9,183.77,225.02,26.21,59.476,-1,-1,-1,-1
214,9,185.82,225.5,26.047,59.106,-1,-1,-1,-1
215,9,186.6,226.42,25.996,58.992,-1,-1,-1,-1
216,9,186.89,227.38,25.985,58.965,-1,-1,-1,-1
217,9,187,228.05,25.981,58.956,-1,-1,-1,-1
218,9,187.03,227.73,25.977,58.947,-1,-1,-1,-1
219,9,187.01,227.11,25.984,58.964,-1,-1,-1,-1
220,9,186.9,226.52,26.048,59.109,-1,-1,-1,-1
221,9,186.56,226.32,26.286,59.65,-1,-1,-1,-1
222,9,185.65,227.3,26.945,61.145,-1,-1,-1,-1
223,9,183.75,228.43,26.812,60.842,-1,-1,-1,-1
224,9,182.44,228.75,27.71,62.875,-1,-1,-1,-1
225,9,181.67,231.05,27.76,62.987,-1,-1,-1,-1
226,9,180.56,232.43,27.183,61.681,-1,-1,-1,-1
227,9,180.66,228.44,28.477,64.614,-1,-1,-1,-1
228,9,179.28,225.58,30.165,68.445,-1,-1,-1,-1
229,9,178.34,224.67,30.83,69.954,-1,-1,-1,-1
230,9,176.84,224.7,31.234,70.872,-1,-1,-1,-1
231,9,175.12,225.07,31.565,71.622,-1,-1,-1,-1
232,9,173.31,225.53,31.886,72.352,-1,-1,-1,-1
233,9,171.45,226.03,32.216,73.101,-1,-1,-1,-1
234,9,169.57,226.54,32.555,73.872,-1,-1,-1,-1
235,9,167.69,227.08,32.9,74.655,-1,-1,-1,-1
236,9,165.82,227.69,33.233,75.41,-1,-1,-1,-1
237,9,164.01,228.54,33.499,76.014,-1,-1,-1,-1
238,9,162.37,230.05,33.556,76.144,-1,-1,-1,-1
239,9,161.79,231.24,33.444,75.89,-1,-1,-1,-1
240,9,164.21,230.81,33.026,74.941,-1,-1,-1,-1
241,9,167.77,229.74,32.502,73.752,-1,-1,-1,-1
242,9,171.75,228.41,31.952,72.505,-1,-1,-1,-1
243,9,175.9,226.97,31.403,71.258,-1,-1,-1,-1
244,9,180.11,225.49,30.858,70.021,-1,-1,-1,-1
245,9,184.34,223.98,30.315,68.791,-1,-1,-1,-1
246,9,188.58,222.47,29.775,67.565,-1,-1,-1,-1
247,9,192.81,220.96,29.234,66.339,-1,-1,-1,-1
248,9,197.03,219.45,28.693,65.109,-1,-1,-1,-1
249,9,201.22,217.96,28.148,63.873,-1,-1,-1,-1
250,9,205.31,216.49,27.6,62.63,-1,-1,-1,-1
251,9,209.14,215.09,27.054,61.391,-1,-1,-1,-1
252,9,212.29,213.85,26.535,60.215,-1,-1,-1,-1
253,9,213.63,212.96,26.121,59.274,-1,-1,-1,-1
254,9,210.23,212.99,25.996,58.991,-1,-1,-1,-1
255,9,205.79,212.95,25.975,58.944,-1,-1,-1,-1
256,9,199.92,212.84,25.982,58.96,-1,-1,-1,-1
257,9,194.8,212.58,25.991,58.979,-1,-1,-1,-1
258,9,189.35,211.95,25.996,58.992,-1,-1,-1,-1
259,9,186.16,214.32,25.999,58.997,-1,-1,-1,-1
260,9,182.05,214.03,26,58.999,-1,-1,-1,-1
261,9,176.94,214.81,26,59,-1,-1,-1,-1
262,9,172.23,214.35,26,59,-1,-1,-1,-1
263,9,167.99,213.74,26,59,-1,-1,-1,-1
264,9,164.74,213.89,26,59,-1,-1,-1,-1
265,9,163.25,214.95,26,59,-1,-1,-1,-1
266,9,162.05,213.97,26,59,-1,-1,-1,-1
267,9,161.87,212.41,26,59,-1,-1,-1,-1
268,9,160.58,214.3,26,59,-1,-1,-1,-1
269,9,160.86,213.48,26,59,-1,-1,-1,-1
270,9,159,213.17,26,59,-1,-1,-1,-1
271,9,157.12,213.05,26,59,-1,-1,-1,-1
272,9,155.24,213.01,26,59,-1,-1,-1,-1
273,9,153.36,212.99,26,59,-1,-1,-1,-1
274,9,151.47,212.99,26,59,-1,-1,-1,-1
275,9,149.59,212.98,26,59,-1,-1,-1,-1
276,9,147.7,212.98,26,59,-1,-1,-1,-1
277,9,145.82,212.98,26,59,-1,-1,-1,-1
278,9,143.94,212.98,26,59,-1,-1,-1,-1
279,9,142.05,212.98,26,58.999,-1,-1,-1,-1
280,9,140.17,212.98,25.998,58.997,-1,-1,-1,-1
281,9,138.29,212.98,25.995,58.989,-1,-1,-1,-1
282,9,136.41,212.99,25.987,58.971,-1,-1,-1,-1
283,9,134.54,213.01,25.973,58.939,-1,-1,-1,-1
284,9,132.67,213.02,25.959,58.908,-1,-1,-1,-1
285,9,130.81,212.99,25.978,58.95,-1,-1,-1,-1
286,9,128.93,212.8,26.133,59.302,-1,-1,-1,-1
287,9,126.99,212.14,26.691,60.565,-1,-1,-1,-1
288,9,124.93,210.37,28.182,63.946,-1,-1,-1,-1
289,9,123.07,209.53,29.054,65.925,-1,-1,-1,-1
290,9,122.8,214.45,27.09,61.473,-1,-1,-1,-1
291,9,122.27,216.61,26.408,59.925,-1,-1,-1,-1
292,9,121.58,217.61,26.308,59.697,-1,-1,-1,-1
293,9,120.84,218.18,26.419,59.949,-1,-1,-1,-1
294,9,120.1,218.61,26.586,60.328,-1,-1,-1,-1
295,9,119.36,219.01,26.758,60.719,-1,-1,-1,-1
296,9,118.62,219.41,26.925,61.095,-1,-1,-1,-1
297,9,117.89,219.81,27.085,61.459,-1,-1,-1,-1
298,9,117.16,220.21,27.242,61.815,-1,-1,-1,-1
299,9,116.43,220.61,27.397,62.166,-1,-1,-1,-1
300,9,115.7,221.01,27.55,62.513,-1,-1,-1,-1
301,9,114.95,221.42,27.699,62.851,-1,-1,-1,-1
302,9,114.16,221.82,27.842,63.175,-1,-1,-1,-1
303,9,113.26,222.22,27.98,63.486,-1,-1,-1,-1
304,9,112.05,222.57,28.128,63.822,-1,-1,-1,-1
305,9,110.02,222.74,28.355,64.336,-1,-1,-1,-1
306,9,105.81,222.34,28.853,65.466,-1,-1,-1,-1
307,9,99.194,220.88,30.216,68.561,-1,-1,-1,-1
308,9,93.783,221.38,30.863,70.03,-1,-1,-1,-1
309,9,93.091,219.09,31.649,71.814,-1,-1,-1,-1
310,9,91.313,216.52,33.554,76.139,-1,-1,-1,-1
311,9,88.967,213.78,35.179,79.827,-1,-1,-1,-1
312,9,87.003,215.85,34.319,77.875,-1,-1,-1,-1
313,9,85.971,216.66,34.317,77.871,-1,-1,-1,-1
314,9,84.72,216.77,35.387,80.301,-1,-1,-1,-1
315,9,84.266,218.93,34.827,79.028,-1,-1,-1,-1
316,9,81.728,216.32,36.124,81.974,-1,-1,-1,-1
317,9,76.787,214.87,36.912,83.762,-1,-1,-1,-1
318,9,70.422,212.89,38.176,86.632,-1,-1,-1,-1
319,9,67.263,208.36,41.238,93.586,-1,-1,-1,-1
320,9,65.82,209.28,40.733,92.436,-1,-1,-1,-1
321,9,64.011,209.14,41.269,93.654,-1,-1,-1,-1
322,9,59.756,207.19,43.916,99.664,-1,-1,-1,-1
323,9,56.17,202.31,46.731,106.05,-1,-1,-1,-1
324,9,52.067,200.55,47.688,108.22,-1,-1,-1,-1
325,9,50.176,199.74,48.097,109.15,-1,-1,-1,-1
326,9,48.317,198.45,48.928,111.03,-1,-1,-1,-1
327,9,44.447,194.99,51.362,116.55,-1,-1,-1,-1
328,9,39.041,193.68,53.036,120.35,-1,-1,-1,-1
329,9,34.73,193.29,55.575,126.11,-1,-1,-1,-1
330,9,32.748,194.63,55.552,126.06,-1,-1,-1,-1
331,9,30.998,198.77,53.163,120.64,-1,-1,-1,-1
332,9,29.957,200.11,52.448,119.02,-1,-1,-1,-1
333,9,28.381,199.54,53.077,120.44,-1,-1,-1,-1
334,9,24.711,196.57,55.616,126.2,-1,-1,-1,-1
335,9,21.845,197.51,56.58,128.39,-1,-1,-1,-1
336,9,16.848,194.15,57.06,129.48,-1,-1,-1,-1
337,9,13.526,191.69,57.958,131.52,-1,-1,-1,-1
338,9,8.4327,187.41,60.414,137.09,-1,-1,-1,-1
339,9,4.8972,186.97,60.713,137.77,-1,-1,-1,-1
340,9,-1.1006,188.84,60.124,136.43,-1,-1,-1,-1
341,9,-7.7737,183.07,65.875,149.48,-1,-1,-1,-1
342,9,-15.409,174.77,74.247,168.47,-1,-1,-1,-1
343,9,-25.112,166.81,83.853,190.26,-1,-1,-1,-1
344,9,-34.209,158.51,92.975,210.97,-1,-1,-1,-1
285,12,292.72,202.29,33.521,76.064,-1,-1,-1,-1
286,12,292.4,203.34,33.082,75.067,-1,-1,-1,-1
287,12,291.62,205.94,32.021,72.658,-1,-1,-1,-1
288,12,289.34,204.1,32.487,73.716,-1,-1,-1,-1
289,12,288.65,204.75,31.587,71.673,-1,-1,-1,-1
290,12,288.66,205.07,31.526,71.537,-1,-1,-1,-1
291,12,289.55,208.76,29.21,66.283,-1,-1,-1,-1
292,12,288.38,202.6,31.566,71.628,-1,-1,-1,-1
293,12,287.73,202.17,31.88,72.338,-1,-1,-1,-1
294,12,286.74,198.5,33.631,76.313,-1,-1,-1,-1
295,12,284.7,196.61,35.305,80.114,-1,-1,-1,-1
296,12,285.9,199.33,34.713,78.769,-1,-1,-1,-1
297,12,285.15,199.43,35.301,80.106,-1,-1,-1,-1
298,12,284.87,199.4,35.707,81.027,-1,-1,-1,-1
299,12,288.03,201.77,34.242,77.702,-1,-1,-1,-1
300,12,291.52,204.25,33.24,75.427,-1,-1,-1,-1
301,12,298.85,209.44,31.584,71.67,-1,-1,-1,-1
302,12,307.47,215.55,29.704,67.404,-1,-1,-1,-1
303,12,316.08,221.6,27.881,63.268,-1,-1,-1,-1
304,12,323.33,226.47,26.525,60.191,-1,-1,-1,-1
305,12,326.48,227.86,26.521,60.18,-1,-1,-1,-1
306,12,328.79,227.35,27.691,62.831,-1,-1,-1,-1
307,12,329.9,227.23,28.18,63.941,-1,-1,-1,-1
308,12,330.93,227.43,28.425,64.496,-1,-1,-1,-1
223,14,527.96,186.43,73.13,165.94,-1,-1,-1,-1
224,14,527.6,173.01,80.974,183.75,-1,-1,-1,-1
225,14,525.63,172.96,80.991,183.79,-1,-1,-1,-1
226,14,523.27,172.36,81.531,185.01,-1,-1,-1,-1
227,14,517.82,169.86,83.802,190.16,-1,-1,-1,-1
228,14,513.29,175.9,82.545,187.31,-1,-1,-1,-1
229,14,507.17,170.24,85.179,193.29,-1,-1,-1,-1
230,14,500.94,160.74,89.17,202.34,-1,-1,-1,-1
231,14,496.21,152.11,92.792,210.56,-1,-1,-1,-1
232,14,497.19,150.05,93.379,211.89,-1,-1,-1,-1
233,14,490.46,151.61,92.278,209.4,-1,-1,-1,-1
234,14,483.36,141.19,98.197,222.83,-1,-1,-1,-1
235,14,484.63,144.55,96.051,217.96,-1,-1,-1,-1
236,14,479.49,145.63,95.268,216.18,-1,-1,-1,-1
237,14,477.5,144.79,95.689,217.14,-1,-1,-1,-1
238,14,476.7,143.2,96.595,219.19,-1,-1,-1,-1
239,14,476.38,141.35,97.656,221.6,-1,-1,-1,-1
240,14,476.24,139.42,98.757,224.1,-1,-1,-1,-1
241,14,476.16,137.49,99.867,226.62,-1,-1,-1,-1
242,14,476.08,135.6,100.96,229.09,-1,-1,-1,-1
243,14,475.97,133.94,101.91,231.25,-1,-1,-1,-1
244,14,475.81,133.03,102.36,232.27,-1,-1,-1,-1
245,14,475.55,134.16,101.44,230.19,-1,-1,-1,-1
246,14,474.76,139.99,97.514,221.28,-1,-1,-1,-1
247,14,471.17,136.05,98.976,224.59,-1,-1,-1,-1
248,14,461.24,118.54,107.2,243.26,-1,-1,-1,-1
249,14,450.29,117.09,108.45,246.1,-1,-1,-1,-1
250,14,438.92,121.62,106.95,242.68,-1,-1,-1,-1
251,14,426.9,126.93,105.02,238.32,-1,-1,-1,-1
252,14,413.47,128.96,104.34,236.77,-1,-1,-1,-1
253,14,401.34,129.86,104.09,236.21,-1,-1,-1,-1
254,14,394.63,131.02,103.58,235.05,-1,-1,-1,-1
255,14,386.92,134.23,101.76,230.92,-1,-1,-1,-1
256,14,386.57,142.84,96.677,219.38,-1,-1,-1,-1
257,14,383.16,146.02,94.813,215.15,-1,-1,-1,-1
258,14,373.24,146.97,94.291,213.96,-1,-1,-1,-1
259,14,361.09,146.94,94.312,214.01,-1,-1,-1,-1
260,14,349.59,145.93,94.882,215.3,-1,-1,-1,-1
261,14,342.17,142.67,96.791,219.64,-1,-1,-1,-1
262,14,331.47,134.03,101.84,231.09,-1,-1,-1,-1
263,14,320.95,131.08,103.27,234.33,-1,-1,-1,-1
264,14,316.23,131.08,102.31,232.17,-1,-1,-1,-1
265,14,312.31,133.43,98.566,223.66,-1,-1,-1,-1
266,14,304.13,134.97,99.963,226.84,-1,-1,-1,-1
267,14,300.41,142.21,96.665,219.35,-1,-1,-1,-1
268,14,294.29,142.82,97.079,220.29,-1,-1,-1,-1
269,14,279.59,137.24,101.76,230.91,-1,-1,-1,-1
270,14,270.73,131.99,103.54,234.95,-1,-1,-1,-1
271,14,265.05,129.61,104.05,236.11,-1,-1,-1,-1
272,14,256.7,127.41,104.12,236.27,-1,-1,-1,-1
273,14,253.19,122.89,104.08,236.19,-1,-1,-1,-1
274,14,250.93,127.41,104.04,236.09,-1,-1,-1,-1
275,14,247.6,129.36,104.01,236.03,-1,-1,-1,-1
276,14,239.82,130.68,104,235.99,-1,-1,-1,-1
277,14,235.83,132.65,103.98,235.95,-1,-1,-1,-1
278,14,231.58,137.2,103.96,235.9,-1,-1,-1,-1
279,14,222.81,132.82,103.95,235.88,-1,-1,-1,-1
280,14,216.72,131.06,104.02,236.04,-1,-1,-1,-1
281,14,207.14,130.02,104.37,236.83,-1,-1,-1,-1
282,14,200.44,128.54,105.47,239.34,-1,-1,-1,-1
283,14,190.03,125.41,108.18,245.49,-1,-1,-1,-1
284,14,184.41,127.46,105.48,239.36,-1,-1,-1,-1
285,14,174.87,126.34,104.78,237.76,-1,-1,-1,-1
286,14,167.61,120.25,105.98,240.49,-1,-1,-1,-1
287,14,155.42,119.32,110.14,249.93,-1,-1,-1,-1
288,14,148.21,117,111.26,252.47,-1,-1,-1,-1
289,14,138.89,111.29,110.2,250.07,-1,-1,-1,-1
290,14,134.92,112.98,106.39,241.41,-1,-1,-1,-1
291,14,125.19,112.16,106.29,241.2,-1,-1,-1,-1
292,14,116.03,108.15,109.74,249.02,-1,-1,-1,-1
293,14,106.45,108.63,109.76,249.07,-1,-1,-1,-1
294,14,104.97,114.2,106.27,241.15,-1,-1,-1,-1
295,14,100,119.01,105.92,240.35,-1,-1,-1,-1
296,14,86.637,112,108.21,245.55,-1,-1,-1,-1
297,14,78.568,113.5,105.36,239.09,-1,-1,-1,-1
298,14,72.873,114.08,104.28,236.63,-1,-1,-1,-1
299,14,63.66,113.87,104.24,236.55,-1,-1,-1,-1
300,14,57.679,112.56,105.32,239,-1,-1,-1,-1
301,14,49,108.99,108.46,246.13,-1,-1,-1,-1
302,14,41.673,110.26,107.33,243.55,-1,-1,-1,-1
303,14,31.334,106.27,110.87,251.58,-1,-1,-1,-1
304,14,22.273,103.45,113.37,257.26,-1,-1,-1,-1
305,14,13.554,100.96,115.58,262.26,-1,-1,-1,-1
306,14,4.4314,97.941,118.22,268.25,-1,-1,-1,-1
307,14,-4.8308,94.587,121.08,274.76,-1,-1,-1,-1
246,16,552.7,213.21,30.85,70,-1,-1,-1,-1
247,16,551.95,211.61,30.85,70,-1,-1,-1,-1
248,16,550.62,210.4,30.85,70,-1,-1,-1,-1
249,16,547.99,211.09,30.85,70,-1,-1,-1,-1
250,16,544.23,212.89,30.85,70,-1,-1,-1,-1
251,16,540.62,213.58,30.849,69.998,-1,-1,-1,-1
252,16,537.07,213.85,30.847,69.993,-1,-1,-1,-1
253,16,533.54,213.96,30.841,69.98,-1,-1,-1,-1
254,16,530.02,214.01,30.83,69.955,-1,-1,-1,-1
255,16,526.53,214.04,30.815,69.92,-1,-1,-1,-1
256,16,523.05,214.06,30.812,69.913,-1,-1,-1,-1
257,16,519.62,213.99,30.885,70.078,-1,-1,-1,-1
258,16,516.28,213.66,31.212,70.823,-1,-1,-1,-1
259,16,513.15,212.65,32.194,73.052,-1,-1,-1,-1
260,16,510.26,211.28,33.171,75.269,-1,-1,-1,-1
261,16,507.91,209.5,33.483,75.978,-1,-1,-1,-1
262,16,506.19,207.94,33.537,76.1,-1,-1,-1,-1
263,16,505.82,207.37,33.546,76.12,-1,-1,-1,-1
264,16,506.34,207.03,33.694,76.457,-1,-1,-1,-1
265,16,508.19,206.37,34.307,77.849,-1,-1,-1,-1
266,16,508.17,204.69,36.033,81.766,-1,-1,-1,-1
267,16,508.64,204.14,36.654,83.177,-1,-1,-1,-1
268,16,510.04,204.13,36.807,83.524,-1,-1,-1,-1
269,16,511.71,204.52,36.775,83.451,-1,-1,-1,-1
270,16,513.25,205.59,36.62,83.098,-1,-1,-1,-1
271,16,514.18,208.29,36.275,82.316,-1,-1,-1,-1
272,16,515.31,209.04,35.635,80.863,-1,-1,-1,-1
273,16,516.38,205.75,38.016,86.267,-1,-1,-1,-1
274,16,519.14,204.67,37.997,86.225,-1,-1,-1,-1
275,16,521.01,204.02,39.423,89.461,-1,-1,-1,-1
276,16,522.17,203.8,39.896,90.534,-1,-1,-1,-1
277,16,523.78,203.82,39.872,90.48,-1,-1,-1,-1
278,16,527.39,204,39.415,89.442,-1,-1,-1,-1
279,16,530.52,204.27,38.281,86.869,-1,-1,-1,-1
280,16,532.87,204.02,39.366,89.331,-1,-1,-1,-1
281,16,534.13,203.78,39.813,90.345,-1,-1,-1,-1
282,16,535.62,203.41,39.992,90.752,-1,-1,-1,-1
283,16,538.78,202.39,40.192,91.207,-1,-1,-1,-1
284,16,540.68,199.6,40.731,92.432,-1,-1,-1,-1
285,16,543.26,198.34,42.073,95.482,-1,-1,-1,-1
286,16,545.51,199.25,40.905,92.826,-1,-1,-1,-1
287,16,547.19,201.17,40.878,92.766,-1,-1,-1,-1
288,16,549.95,199.9,42.034,95.394,-1,-1,-1,-1
289,16,551.93,202.1,40.868,92.742,-1,-1,-1,-1
290,16,553.64,201.82,41.065,93.191,-1,-1,-1,-1
291,16,556.72,198.64,42.962,97.501,-1,-1,-1,-1
292,16,559.69,197.44,43.675,99.121,-1,-1,-1,-1
293,16,562.58,197.06,43.876,99.578,-1,-1,-1,-1
294,16,564.16,196.98,43.901,99.635,-1,-1,-1,-1
295,16,565.95,196.97,43.884,99.597,-1,-1,-1,-1
296,16,569.73,196.98,43.866,99.557,-1,-1,-1,-1
297,16,572.25,196.99,43.856,99.535,-1,-1,-1,-1
298,16,576.04,197,43.852,99.524,-1,-1,-1,-1
299,16,577.85,197,43.85,99.521,-1,-1,-1,-1
300,16,579.5,197,43.85,99.52,-1,-1,-1,-1
301,16,582.66,196.99,43.85,99.52,-1,-1,-1,-1
302,16,584.48,196.98,43.85,99.52,-1,-1,-1,-1
227,17,343.6,171.77,80.951,183.7,-1,-1,-1,-1
228,17,345.22,163.11,86.562,196.43,-1,-1,-1,-1
229,17,349.01,154.84,92.728,210.42,-1,-1,-1,-1
230,17,357.33,155.19,96.417,218.79,-1,-1,-1,-1
231,17,363.19,148.92,101.82,231.06,-1,-1,-1,-1
232,17,369.07,147.29,103.54,234.95,-1,-1,-1,-1
233,17,380.4,147.76,104.09,236.2,-1,-1,-1,-1
234,17,391.77,149.35,105.3,238.94,-1,-1,-1,-1
235,17,397.88,136.26,109.57,248.65,-1,-1,-1,-1
236,17,404.84,127.59,121.09,274.77,-1,-1,-1,-1
237,17,416.35,133.09,124.14,281.69,-1,-1,-1,-1
238,17,424.44,140.59,120.53,273.5,-1,-1,-1,-1
239,17,437.06,157.4,106.82,242.39,-1,-1,-1,-1
240,17,449.57,171.89,95.201,216.03,-1,-1,-1,-1
241,17,452.29,176.12,90.258,204.82,-1,-1,-1,-1
242,17,450.53,175.92,88.326,200.43,-1,-1,-1,-1
243,17,445.26,172.98,88.511,200.85,-1,-1,-1,-1
244,17,433.91,166.26,92.05,208.88,-1,-1,-1,-1
245,17,423.44,164.83,92.142,209.09,-1,-1,-1,-1
246,17,418.4,167.22,88.918,201.77,-1,-1,-1,-1
247,17,407.55,160.05,89.482,203.05,-1,-1,-1,-1
248,17,392.99,148.98,94.597,214.66,-1,-1,-1,-1
249,17,382.51,140.95,98.884,224.39,-1,-1,-1,-1
250,17,375.98,147.95,94.519,214.48,-1,-1,-1,-1
251,17,370.67,157.19,89.043,202.05,-1,-1,-1,-1
252,17,365.04,160.06,87.348,198.21,-1,-1,-1,-1
253,17,353.42,159.28,87.853,199.35,-1,-1,-1,-1
254,17,337.48,154.71,90.499,205.36,-1,-1,-1,-1
255,17,328.24,158.8,88.306,200.38,-1,-1,-1,-1
256,17,316.32,157.99,89.267,202.56,-1,-1,-1,-1
257,17,302.49,150.7,95.011,215.6,-1,-1,-1,-1
258,17,288.93,146.84,101.47,230.26,-1,-1,-1,-1
259,17,281.3,146.24,103.28,234.36,-1,-1,-1,-1
260,17,271.87,148.14,102.36,232.28,-1,-1,-1,-1
261,17,266.82,153.44,98.67,223.9,-1,-1,-1,-1
262,17,254.84,148.59,100.47,228,-1,-1,-1,-1
263,17,245.76,146.6,98.506,223.53,-1,-1,-1,-1
264,17,237.59,142.35,102.16,231.82,-1,-1,-1,-1
265,17,231.15,134.9,103.59,235.06,-1,-1,-1,-1
266,17,220.09,133.07,104.02,236.03,-1,-1,-1,-1
267,17,209.26,134.83,104.09,236.19,-1,-1,-1,-1
268,17,203.78,141.68,104.06,236.14,-1,-1,-1,-1
269,17,198.07,144.3,104.03,236.07,-1,-1,-1,-1
270,17,186.38,145.23,104.01,236.03,-1,-1,-1,-1
271,17,173.06,145.38,104,236,-1,-1,-1,-1
272,17,160.8,144.88,103.99,235.98,-1,-1,-1,-1
273,17,153.39,143.26,103.98,235.94,-1,-1,-1,-1
274,17,143.4,138.87,103.95,235.89,-1,-1,-1,-1
275,17,136.83,143.34,103.94,235.86,-1,-1,-1,-1
276,17,127.07,144.98,104,236.01,-1,-1,-1,-1
277,17,120.3,145.27,104.35,236.8,-1,-1,-1,-1
278,17,109.66,144.35,105.48,239.35,-1,-1,-1,-1
279,17,100.66,141.51,108.28,245.72,-1,-1,-1,-1
280,17,94.104,142.84,105.89,240.29,-1,-1,-1,-1
281,17,89.439,140.36,105.95,240.42,-1,-1,-1,-1
282,17,81.896,131.44,108.67,246.59,-1,-1,-1,-1
283,17,74.825,133.27,106.96,242.71,-1,-1,-1,-1
284,17,66.386,137.93,108.64,246.53,-1,-1,-1,-1
285,17,59.851,142.63,105.99,240.52,-1,-1,-1,-1
286,17,52.714,142.84,106.3,241.22,-1,-1,-1,-1
287,17,37.855,138.84,109.84,249.24,-1,-1,-1,-1
288,17,31.632,136.28,109.78,249.12,-1,-1,-1,-1
289,17,27.9,132.82,105.92,240.35,-1,-1,-1,-1
290,17,23.886,131.72,104.43,236.97,-1,-1,-1,-1
291,17,15.485,131.77,103.97,235.93,-1,-1,-1,-1
292,17,10.452,133.34,103.79,235.52,-1,-1,-1,-1
293,17,3.8669,138.29,103.46,234.77,-1,-1,-1,-1
294,17,-2.6358,144.5,103.39,234.62,-1,-1,-1,-1
295,17,-7.6104,149.58,102.42,232.4,-1,-1,-1,-1
254,19,184.93,213.01,26,59,-1,-1,-1,-1
255,19,180.52,213.02,26,59,-1,-1,-1,-1
256,19,175.4,213.06,26,59,-1,-1,-1,-1
257,19,170.49,213.16,26,59,-1,-1,-1,-1
258,19,164.91,213.43,26,59,-1,-1,-1,-1
259,19,159.81,213.41,26,59,-1,-1,-1,-1
260,19,155.44,213.79,26,59,-1,-1,-1,-1
261,19,151.45,214.95,26,59,-1,-1,-1,-1
262,19,147.85,214.06,26,59,-1,-1,-1,-1
263,19,144.71,213.18,26,59,-1,-1,-1,-1
264,19,143.28,212.48,26,59,-1,-1,-1,-1
265,19,142.11,211.27,26,59,-1,-1,-1,-1
266,19,140.04,212.34,26,59,-1,-1,-1,-1
267,19,139.01,212.75,26,59,-1,-1,-1,-1
268,19,137.99,212.9,26,59,-1,-1,-1,-1
269,19,135.94,212.96,26,59,-1,-1,-1,-1
270,19,134.85,212.98,26,59,-1,-1,-1,-1
210,21,207.99,224.8,26.92,61.086,-1,-1,-1,-1
211,21,209.68,223.91,29.213,66.287,-1,-1,-1,-1
212,21,209.46,223.99,28.946,65.681,-1,-1,-1,-1
213,21,208.62,224.5,27.725,62.913,-1,-1,-1,-1
214,21,207.73,225,26.492,60.115,-1,-1,-1,-1
215,21,207.38,225.17,26.064,59.145,-1,-1,-1,-1
216,21,207.22,225.26,25.96,58.91,-1,-1,-1,-1
217,21,207.16,225.49,25.956,58.9,-1,-1,-1,-1
218,21,207.19,226.19,25.969,58.929,-1,-1,-1,-1
219,21,207.35,228.07,25.974,58.941,-1,-1,-1,-1
220,21,207.78,229.03,25.974,58.942,-1,-1,-1,-1
221,21,208.91,229.99,25.991,58.979,-1,-1,-1,-1
222,21,207.84,231.86,26.087,59.198,-1,-1,-1,-1
223,21,207.45,232.42,26.418,59.946,-1,-1,-1,-1
224,21,207.36,232.26,27.281,61.904,-1,-1,-1,-1
225,21,206.71,232.71,26.765,60.733,-1,-1,-1,-1
226,21,205.55,232.57,27.282,61.904,-1,-1,-1,-1
227,21,204.29,232.38,28.021,63.579,-1,-1,-1,-1
228,21,203.31,232.75,28.274,64.154,-1,-1,-1,-1
229,21,202.46,233.35,28.326,64.27,-1,-1,-1,-1
230,21,201.66,234.03,28.31,64.235,-1,-1,-1,-1
231,21,200.91,234.67,28.303,64.218,-1,-1,-1,-1
232,21,200.21,235.15,28.403,64.446,-1,-1,-1,-1
233,21,199.65,235.1,28.849,65.458,-1,-1,-1,-1
234,21,199.43,233.75,30.148,68.406,-1,-1,-1,-1
235,21,200.56,233.25,30.623,69.485,-1,-1,-1,-1
236,21,199.01,232.84,30.997,70.333,-1,-1,-1,-1
237,21,198,231.56,32.115,72.872,-1,-1,-1,-1
238,21,196.33,227.76,35.424,80.382,-1,-1,-1,-1
239,21,194.27,224.21,38.716,87.855,-1,-1,-1,-1
240,21,191.72,223.93,39.772,90.252,-1,-1,-1,-1
241,21,188.94,224.73,39.992,90.752,-1,-1,-1,-1
242,21,185.86,225.25,40.173,91.162,-1,-1,-1,-1
243,21,182.1,223.83,41.075,93.213,-1,-1,-1,-1
244,21,176.72,217.1,44.014,99.886,-1,-1,-1,-1
245,21,167.64,210.12,47.41,107.59,-1,-1,-1,-1
246,21,159.24,205.87,49.79,112.99,-1,-1,-1,-1
247,21,151.81,204,51.133,116.03,-1,-1,-1,-1
248,21,146.53,206.35,50.529,114.67,-1,-1,-1,-1
249,21,141.79,209.83,49.42,112.15,-1,-1,-1,-1
250,21,136.45,212.37,48.838,110.83,-1,-1,-1,-1
251,21,128.89,211.12,50.186,113.89,-1,-1,-1,-1
252,21,120.46,208.45,52.231,118.53,-1,-1,-1,-1
253,21,111.69,205.39,54.387,123.41,-1,-1,-1,-1
254,21,102.69,202.39,56.331,127.82,-1,-1,-1,-1
255,21,93.217,199.67,57.777,131.11,-1,-1,-1,-1
256,21,82.539,193.89,60.736,137.82,-1,-1,-1,-1
257,21,71.5,187.31,64.118,145.5,-1,-1,-1,-1
258,21,60.652,181.57,67.116,152.3,-1,-1,-1,-1
259,21,50.634,178.91,68.744,156,-1,-1,-1,-1
260,21,41.121,175.92,71.288,161.76,-1,-1,-1,-1
261,21,32.137,172.66,74.122,168.19,-1,-1,-1,-1
125,23,20.226,207.68,30.847,69.993,-1,-1,-1,-1
126,23,18.719,209.48,30.839,69.975,-1,-1,-1,-1
127,23,17.986,210.76,30.824,69.94,-1,-1,-1,-1
128,23,17.289,212.77,30.8,69.886,-1,-1,-1,-1
129,23,15.919,213.49,30.786,69.855,-1,-1,-1,-1
130,23,17.473,213.5,30.861,70.025,-1,-1,-1,-1
131,23,18.418,212.65,31.254,70.918,-1,-1,-1,-1
132,23,19.618,209.93,32.504,73.756,-1,-1,-1,-1
133,23,21.394,209.92,32.901,74.655,-1,-1,-1,-1
134,23,21.117,204.72,36.325,82.429,-1,-1,-1,-1
135,23,21.134,200.56,39.017,88.538,-1,-1,-1,-1
136,23,19.865,200.23,39.619,89.904,-1,-1,-1,-1
137,23,21.975,203.22,38.895,88.263,-1,-1,-1,-1
138,23,23.289,205.87,36.67,83.211,-1,-1,-1,-1
139,23,22.302,200.96,38.814,88.079,-1,-1,-1,-1
140,23,20.767,199.26,39.555,89.76,-1,-1,-1,-1
141,23,23.307,199.41,39.347,89.289,-1,-1,-1,-1
142,23,26.366,201.37,38.145,86.559,-1,-1,-1,-1
143,23,28.585,200.19,38.788,88.019,-1,-1,-1,-1
144,23,30.449,201.32,38.129,86.525,-1,-1,-1,-1
145,23,29.493,199.14,39.392,89.39,-1,-1,-1,-1
146,23,29.124,198.3,39.899,90.541,-1,-1,-1,-1
147,23,29.032,198.06,40.059,90.904,-1,-1,-1,-1
148,23,29.132,198.18,40.032,90.843,-1,-1,-1,-1
149,23,29.56,198.85,39.732,90.162,-1,-1,-1,-1
150,23,30.796,200.84,38.77,87.977,-1,-1,-1,-1
151,23,33.988,205.93,36.359,82.505,-1,-1,-1,-1
152,23,35.619,203.6,37.947,86.11,-1,-1,-1,-1
153,23,38.011,207.12,37.27,84.576,-1,-1,-1,-1
154,23,40.221,207.24,37.535,85.179,-1,-1,-1,-1
155,23,41.207,203.7,39.218,88.996,-1,-1,-1,-1
156,23,41.456,199.96,40.037,90.856,-1,-1,-1,-1
157,23,41.167,198.17,40.924,92.869,-1,-1,-1,-1
158,23,40.026,196.46,42.834,97.21,-1,-1,-1,-1
159,23,40.327,195.09,42.976,97.533,-1,-1,-1,-1
160,23,42.298,199.53,41.657,94.536,-1,-1,-1,-1
161,23,44.394,199,42.447,96.331,-1,-1,-1,-1
162,23,46.008,200.67,41.667,94.559,-1,-1,-1,-1
163,23,45.367,198.32,43.172,97.979,-1,-1,-1,-1
164,23,45.281,197.63,43.734,99.257,-1,-1,-1,-1
165,23,45.78,198.11,43.712,99.206,-1,-1,-1,-1
166,23,47.414,200.37,42.994,97.576,-1,-1,-1,-1
167,23,51.796,206.59,40.914,92.848,-1,-1,-1,-1
168,23,53.845,208.94,40.147,91.104,-1,-1,-1,-1
169,23,55.616,209.76,39.916,90.578,-1,-1,-1,-1
170,23,58.962,210.05,39.833,90.391,-1,-1,-1,-1
171,23,61.251,210.2,39.744,90.191,-1,-1,-1,-1
172,23,64.727,210.23,39.656,89.998,-1,-1,-1,-1
173,23,65.728,208.78,40.704,92.374,-1,-1,-1,-1
174,23,66.3,205.61,42.892,97.343,-1,-1,-1,-1
175,23,67.456,204.56,43.676,99.125,-1,-1,-1,-1
176,23,70.322,204.48,43.922,99.683,-1,-1,-1,-1
177,23,71.631,205.02,44.128,100.15,-1,-1,-1,-1
178,23,72.611,206.49,44.681,101.4,-1,-1,-1,-1
179,23,74.299,204.47,46.04,104.49,-1,-1,-1,-1
180,23,78.849,207.99,44.597,101.21,-1,-1,-1,-1
181,23,83.342,209.53,43.872,99.568,-1,-1,-1,-1
182,23,85.173,210.39,43.313,98.299,-1,-1,-1,-1
183,23,86.105,211.29,42.517,96.486,-1,-1,-1,-1
184,23,87.747,206.33,45.226,102.64,-1,-1,-1,-1
185,23,91.655,208.65,44.433,100.84,-1,-1,-1,-1
186,23,94.313,209.61,44.222,100.36,-1,-1,-1,-1
187,23,98.261,209.88,44.635,101.3,-1,-1,-1,-1
188,23,101.5,209.86,45.968,104.32,-1,-1,-1,-1
189,23,105.71,212.54,44.611,101.25,-1,-1,-1,-1
190,23,109.59,210.42,44.267,100.46,-1,-1,-1,-1
191,23,116.9,208.12,44.847,101.78,-1,-1,-1,-1
192,23,120.99,203.53,46.774,106.15,-1,-1,-1,-1
193,23,123.53,203.4,46.78,106.16,-1,-1,-1,-1
194,23,127.09,207.64,44.829,101.74,-1,-1,-1,-1
195,23,131.69,209.27,44.083,100.05,-1,-1,-1,-1
196,23,134.9,209.79,43.886,99.601,-1,-1,-1,-1
197,23,140.01,209.9,43.898,99.628,-1,-1,-1,-1
198,23,145.19,209.91,43.952,99.751,-1,-1,-1,-1
199,23,150.96,210.31,43.72,99.223,-1,-1,-1,-1
200,23,160.93,211.46,42.958,97.494,-1,-1,-1,-1
201,23,172.05,214.56,40.87,92.748,-1,-1,-1,-1
202,23,177.99,215.71,40.07,90.93,-1,-1,-1,-1
203,23,184.65,216.08,39.742,90.187,-1,-1,-1,-1
204,23,189.05,215.54,39.862,90.457,-1,-1,-1,-1
205,23,193.37,214.42,39.942,90.637,-1,-1,-1,-1
206,23,195.98,211.68,39.98,90.725,-1,-1,-1,-1
207,23,199.52,210.63,39.995,90.76,-1,-1,-1,-1
208,23,203.41,210.23,40,90.771,-1,-1,-1,-1
209,23,207.44,210.08,40.002,90.774,-1,-1,-1,-1
210,23,211.53,210.02,40.005,90.78,-1,-1,-1,-1
211,23,215.63,209.99,40.011,90.795,-1,-1,-1,-1
212,23,219.74,209.97,40.024,90.824,-1,-1,-1,-1
213,23,223.88,209.96,40.04,90.86,-1,-1,-1,-1
214,23,228.08,209.99,40.037,90.854,-1,-1,-1,-1
215,23,232.46,210.17,39.934,90.62,-1,-1,-1,-1
216,23,237.33,210.8,39.512,89.663,-1,-1,-1,-1
217,23,241.6,212.6,38.299,86.913,-1,-1,-1,-1
218,23,244.69,213.94,37.544,85.197,-1,-1,-1,-1
219,23,244.25,213.94,37.819,85.82,-1,-1,-1,-1
220,23,250.19,218.33,35.516,80.593,-1,-1,-1,-1
221,23,253.68,216.74,36.31,82.396,-1,-1,-1,-1
222,23,256.02,213.12,38.234,86.762,-1,-1,-1,-1
223,23,257.39,212.82,38.205,86.696,-1,-1,-1,-1
224,23,256.72,209.56,40.309,91.475,-1,-1,-1,-1
225,23,255.63,205.69,42.876,97.307,-1,-1,-1,-1
226,23,256.49,204.32,43.765,99.327,-1,-1,-1,-1
227,23,260.09,203.94,43.983,99.821,-1,-1,-1,-1
228,23,262.92,203.97,43.947,99.74,-1,-1,-1,-1
229,23,267.79,204.35,43.691,99.159,-1,-1,-1,-1
230,23,272.56,205.5,42.933,97.437,-1,-1,-1,-1
231,23,274.91,208.4,41.046,93.148,-1,-1,-1,-1
232,23,276.69,208.76,41.04,93.134,-1,-1,-1,-1
233,23,279.67,206.93,42.911,97.386,-1,-1,-1,-1
234,23,281.34,208.28,43.641,99.044,-1,-1,-1,-1
235,23,283.4,208.24,43.859,99.541,-1,-1,-1,-1
236,23,287.89,206.65,43.894,99.619,-1,-1,-1,-1
237,23,292.21,207.81,43.88,99.588,-1,-1,-1,-1
238,23,293.62,206.81,43.86,99.542,-1,-1,-1,-1
239,23,295.57,205.62,43.84,99.497,-1,-1,-1,-1
240,23,297.94,206.04,43.819,99.449,-1,-1,-1,-1
241,23,303.12,208.47,43.802,99.41,-1,-1,-1,-1
242,23,303.19,209.25,43.831,99.477,-1,-1,-1,-1
243,23,305.2,209.05,44.043,99.958,-1,-1,-1,-1
244,23,304.07,207.5,44.777,101.62,-1,-1,-1,-1
245,23,305.74,203.14,46.7,105.98,-1,-1,-1,-1
246,23,306.34,202.76,46.7,105.98,-1,-1,-1,-1
247,23,306.38,205.75,44.973,102.07,-1,-1,-1,-1
248,23,304.2,203.55,45.218,102.62,-1,-1,-1,-1
249,23,304.53,199.64,47.939,108.79,-1,-1,-1,-1
250,23,302.24,195.4,50.713,115.08,-1,-1,-1,-1
251,23,300.61,194.9,51.047,115.84,-1,-1,-1,-1
252,23,297.95,197.5,49.408,112.12,-1,-1,-1,-1
253,23,293.1,197.56,49.352,111.99,-1,-1,-1,-1
254,23,287.82,199.55,48.3,109.61,-1,-1,-1,-1
255,23,285.39,201.31,47.482,107.75,-1,-1,-1,-1
256,23,283.54,204.85,45.865,104.09,-1,-1,-1,-1
257,23,282.3,208.47,44.047,99.968,-1,-1,-1,-1
240,24,102.35,193.35,56.672,128.6,-1,-1,-1,-1
241,24,100.25,193.46,56.84,128.98,-1,-1,-1,-1
242,24,94.619,193.48,57.521,130.52,-1,-1,-1,-1
243,24,88.695,193,59.745,135.57,-1,-1,-1,-1
244,24,81.72,191.87,62.778,142.46,-1,-1,-1,-1
245,24,71.992,189.49,66.5,150.91,-1,-1,-1,-1
246,24,63.348,188.64,67.77,153.79,-1,-1,-1,-1
247,24,57.937,187.91,68.356,155.12,-1,-1,-1,-1
248,24,49.982,185.71,69.611,157.96,-1,-1,-1,-1
249,24,41.334,179.34,73.24,166.19,-1,-1,-1,-1
250,24,30.93,179.7,75.504,171.33,-1,-1,-1,-1
251,24,20.446,176.22,78.599,178.36,-1,-1,-1,-1
252,24,9.0779,176.88,78.625,178.42,-1,-1,-1,-1
253,24,-1.5439,182.2,75.724,171.83,-1,-1,-1,-1
254,24,-10.725,185.8,74.199,168.36,-1,-1,-1,-1
224,25,194.78,222.36,31.323,71.073,-1,-1,-1,-1
225,25,197.53,217.35,33.801,76.699,-1,-1,-1,-1
226,25,200.14,212.52,36.445,82.703,-1,-1,-1,-1
227,25,201.06,210.86,38.241,86.778,-1,-1,-1,-1
228,25,201.35,211.11,38.994,88.486,-1,-1,-1,-1
229,25,201.44,213.79,37.609,85.345,-1,-1,-1,-1
230,25,201.01,215.7,36.709,83.301,-1,-1,-1,-1
231,25,199.69,218.8,35.327,80.165,-1,-1,-1,-1
232,25,196.14,226.2,32.081,72.794,-1,-1,-1,-1
233,25,200.15,229.63,31.082,70.527,-1,-1,-1,-1
234,25,203.56,230.25,31.542,71.572,-1,-1,-1,-1
235,25,197.79,226.73,33.898,76.919,-1,-1,-1,-1
236,25,189.11,222.01,36.74,83.37,-1,-1,-1,-1
237,25,180.9,217.87,39.146,88.832,-1,-1,-1,-1
238,25,176.92,216.41,39.969,90.7,-1,-1,-1,-1
239,25,173.04,215.8,40.38,91.634,-1,-1,-1,-1
223,27,151.49,210.05,40.016,90.807,-1,-1,-1,-1
224,27,150.61,210.45,39.797,90.309,-1,-1,-1,-1
225,27,148.44,211.5,39.228,89.018,-1,-1,-1,-1
226,27,148.72,214.05,37.918,86.046,-1,-1,-1,-1
227,27,151.27,214.53,38.739,87.908,-1,-1,-1,-1
228,27,152.71,213.17,40.697,92.353,-1,-1,-1,-1
229,27,148.75,208.71,43.585,98.908,-1,-1,-1,-1
230,27,146.07,206.13,45.095,102.34,-1,-1,-1,-1
231,27,152.44,211.85,41.906,95.096,-1,-1,-1,-1
168,28,263.3,206.13,26,59,-1,-1,-1,-1
169,28,264.14,208.49,26,59,-1,-1,-1,-1
170,28,266.34,210.41,26,59,-1,-1,-1,-1
171,28,268.08,213.8,26,59,-1,-1,-1,-1
172,28,271.12,218.02,26,59,-1,-1,-1,-1
173,28,274.45,219.28,26,59,-1,-1,-1,-1
174,28,277.4,218.81,26,59,-1,-1,-1,-1
175,28,278.91,220.17,26,59,-1,-1,-1,-1
176,28,280.48,220.69,26,59,-1,-1,-1,-1
177,28,282.09,220.9,26,59,-1,-1,-1,-1
178,28,283.75,221,26,59,-1,-1,-1,-1
179,28,285.5,221.11,26,59,-1,-1,-1,-1
180,28,287.52,221.32,26,59,-1,-1,-1,-1
181,28,290.21,221.86,26,59,-1,-1,-1,-1
182,28,293.1,222.57,26,59,-1,-1,-1,-1
183,28,295.92,223.47,26,59,-1,-1,-1,-1
184,28,298.31,224.77,26,59,-1,-1,-1,-1
185,28,300.16,225.82,26,59,-1,-1,-1,-1
186,28,303.34,227.66,26,59,-1,-1,-1,-1
187,28,307.03,228.12,26,59,-1,-1,-1,-1
188,28,310.89,227.66,26,59,-1,-1,-1,-1
189,28,315.6,226.62,26,59,-1,-1,-1,-1
190,28,321.04,227.16,26,59,-1,-1,-1,-1
191,28,328.65,225.84,26,59,-1,-1,-1,-1
192,28,334,225.35,25.999,58.998,-1,-1,-1,-1
193,28,338.43,225.2,25.997,58.994,-1,-1,-1,-1
194,28,342.39,225.22,25.993,58.985,-1,-1,-1,-1
195,28,345.8,225.45,25.988,58.972,-1,-1,-1,-1
196,28,348.11,226.1,25.985,58.965,-1,-1,-1,-1
197,28,351.61,227.77,26.005,59.012,-1,-1,-1,-1
198,28,355.78,228.1,26.109,59.246,-1,-1,-1,-1
199,28,360.79,227.36,26.431,59.976,-1,-1,-1,-1
200,28,367.69,224.91,27.217,61.759,-1,-1,-1,-1
201,28,377.61,224.88,26.419,59.95,-1,-1,-1,-1
202,28,386.12,224.55,26.175,59.396,-1,-1,-1,-1
203,28,393.62,223.39,26.425,59.964,-1,-1,-1,-1
204,28,399.57,220.23,27.434,62.25,-1,-1,-1,-1
205,28,406.12,218.38,27.466,62.323,-1,-1,-1,-1
206,28,411.55,213.48,29.365,66.63,-1,-1,-1,-1
207,28,417.78,212.76,29.198,66.25,-1,-1,-1,-1
208,28,424.78,210.91,29.82,67.663,-1,-1,-1,-1
209,28,431.7,210.54,28.969,65.73,-1,-1,-1,-1
210,28,436.13,210.51,28.977,65.748,-1,-1,-1,-1
211,28,439.59,210.56,29.355,66.606,-1,-1,-1,-1
212,28,442.67,210.67,29.859,67.752,-1,-1,-1,-1
213,28,445.63,210.81,30.395,68.967,-1,-1,-1,-1
214,28,448.54,210.98,30.93,70.182,-1,-1,-1,-1
215,28,451.43,211.17,31.459,71.383,-1,-1,-1,-1
216,28,454.32,211.36,31.979,72.564,-1,-1,-1,-1
217,28,457.18,211.56,32.482,73.706,-1,-1,-1,-1
218,28,459.99,211.76,32.947,74.762,-1,-1,-1,-1
219,28,462.68,211.93,33.341,75.655,-1,-1,-1,-1
220,28,464.96,211.92,33.637,76.327,-1,-1,-1,-1
221,28,468.99,211.37,34.442,78.156,-1,-1,-1,-1
222,28,473.69,209.47,36.79,83.484,-1,-1,-1,-1
223,28,478.07,207.09,39.138,88.814,-1,-1,-1,-1
224,28,482.83,208.61,39.92,90.588,-1,-1,-1,-1
225,28,485.65,209.34,40.092,90.98,-1,-1,-1,-1
226,28,489.23,209.72,40.084,90.96,-1,-1,-1,-1
227,28,491.06,209.95,40.049,90.88,-1,-1,-1,-1
228,28,492.94,210.16,40.031,90.84,-1,-1,-1,-1
201,29,297.41,185.75,61.94,140.55,-1,-1,-1,-1
202,29,304.19,187.02,63.316,143.68,-1,-1,-1,-1
203,29,312.37,180.78,67.106,152.28,-1,-1,-1,-1
204,29,321.42,175.55,70.604,160.22,-1,-1,-1,-1
205,29,329.18,165.83,77.565,176.01,-1,-1,-1,-1
206,29,338.51,161.53,80.681,183.08,-1,-1,-1,-1
207,29,345.61,158.2,83.197,188.79,-1,-1,-1,-1
208,29,356.84,167.14,80.407,182.46,-1,-1,-1,-1
209,29,370.92,167.94,79.111,179.51,-1,-1,-1,-1
210,29,380.62,159.54,86.236,195.68,-1,-1,-1,-1
211,29,387.74,147.17,94.221,213.81,-1,-1,-1,-1
212,29,394.3,135.6,101.3,229.87,-1,-1,-1,-1
213,29,400.61,132.04,103.55,234.98,-1,-1,-1,-1
214,29,412.39,131.63,104.38,236.87,-1,-1,-1,-1
215,29,424.6,132.12,106.25,241.09,-1,-1,-1,-1
216,29,432.8,132.6,112.22,254.64,-1,-1,-1,-1
217,29,445.67,125.64,119.23,270.56,-1,-1,-1,-1
218,29,460.37,119.46,126.19,286.34,-1,-1,-1,-1
219,29,475.59,116.85,131.86,299.22,-1,-1,-1,-1
220,29,491.95,114.9,133.71,303.4,-1,-1,-1,-1
221,29,509.59,116.75,122.91,278.9,-1,-1,-1,-1
222,29,526.8,121.8,109.04,247.43,-1,-1,-1,-1
130,31,150.97,209,26,59,-1,-1,-1,-1
131,31,150.96,209,26,59,-1,-1,-1,-1
132,31,150.96,209.01,26,59,-1,-1,-1,-1
133,31,150.96,209.03,26,59,-1,-1,-1,-1
134,31,150.97,209.09,26,59,-1,-1,-1,-1
135,31,151,209.24,26,59,-1,-1,-1,-1
136,31,151.07,209.65,26,59,-1,-1,-1,-1
137,31,151.26,210.71,26,59,-1,-1,-1,-1
138,31,151.75,211.48,26,59,-1,-1,-1,-1
139,31,153.04,210.71,26,59,-1,-1,-1,-1
140,31,154.41,209.66,26,59,-1,-1,-1,-1
141,31,155.22,209.26,26,59,-1,-1,-1,-1
142,31,156.29,209.13,26,59,-1,-1,-1,-1
143,31,158.68,209.15,26,59,-1,-1,-1,-1
144,31,160.77,209.32,26,58.999,-1,-1,-1,-1
145,31,160.62,209.82,25.998,58.996,-1,-1,-1,-1
146,31,162.09,211.14,25.994,58.986,-1,-1,-1,-1
147,31,162.66,210.59,25.985,58.965,-1,-1,-1,-1
148,31,162.88,209.62,25.969,58.929,-1,-1,-1,-1
149,31,162.98,209.23,25.955,58.897,-1,-1,-1,-1
150,31,163.01,209,25.983,58.961,-1,-1,-1,-1
151,31,162.97,208.56,26.181,59.411,-1,-1,-1,-1
152,31,162.76,207.35,26.865,60.961,-1,-1,-1,-1
153,31,162.21,204.24,28.654,65.019,-1,-1,-1,-1
154,31,164.22,206.19,27.559,62.535,-1,-1,-1,-1
155,31,163.18,204.69,28.602,64.9,-1,-1,-1,-1
156,31,161.19,201.59,30.205,68.536,-1,-1,-1,-1
157,31,160.57,200.45,30.886,70.081,-1,-1,-1,-1
158,31,160.65,200.01,31.406,71.262,-1,-1,-1,-1
159,31,161.52,199.81,32.331,73.361,-1,-1,-1,-1
160,31,165.27,203.21,31.373,71.187,-1,-1,-1,-1
161,31,165.29,204.79,30.983,70.303,-1,-1,-1,-1
162,31,165.53,205.93,30.958,70.246,-1,-1,-1,-1
163,31,166.19,207.68,31.324,71.075,-1,-1,-1,-1
164,31,163.95,206.87,32.388,73.493,-1,-1,-1,-1
165,31,161.89,206.28,31.988,72.583,-1,-1,-1,-1
166,31,161.63,206.61,33.052,75,-1,-1,-1,-1
167,31,164.18,206.77,33.441,75.882,-1,-1,-1,-1
168,31,167.1,206.91,33.534,76.094,-1,-1,-1,-1
169,31,168.21,207.07,33.527,76.078,-1,-1,-1,-1
170,31,168.59,207.26,33.528,76.08,-1,-1,-1,-1
171,31,168.54,207.54,33.678,76.421,-1,-1,-1,-1
172,31,167.97,208,34.29,77.809,-1,-1,-1,-1
173,31,171.27,209.06,36.007,81.708,-1,-1,-1,-1
174,31,177.11,209.54,36.622,83.103,-1,-1,-1,-1
175,31,180.24,209.87,36.805,83.519,-1,-1,-1,-1
176,31,183.69,210.15,36.946,83.84,-1,-1,-1,-1
177,31,185.81,210.45,37.356,84.771,-1,-1,-1,-1
178,31,188.71,211.07,38.441,87.231,-1,-1,-1,-1
179,31,191.59,213.32,37.461,85.008,-1,-1,-1,-1
180,31,194.82,213.33,37.635,85.402,-1,-1,-1,-1
181,31,195.5,210.79,39.412,89.435,-1,-1,-1,-1
182,31,196.6,208.85,40.749,92.473,-1,-1,-1,-1
183,31,199.22,205.58,42.985,97.554,-1,-1,-1,-1
184,31,201.35,204.55,43.754,99.303,-1,-1,-1,-1
185,31,205.04,204.61,43.943,99.731,-1,-1,-1,-1
186,31,206.86,205.58,43.949,99.745,-1,-1,-1,-1
187,31,208.59,208.29,43.898,99.628,-1,-1,-1,-1
188,31,211.92,209.41,43.756,99.307,-1,-1,-1,-1
189,31,213.21,210.1,43.355,98.396,-1,-1,-1,-1
190,31,213.71,210.62,42.863,97.279,-1,-1,-1,-1
191,31,213.89,211.05,42.35,96.112,-1,-1,-1,-1
192,31,213.96,211.44,41.835,94.944,-1,-1,-1,-1
193,31,213.98,211.81,41.325,93.784,-1,-1,-1,-1
194,31,213.98,212.17,40.817,92.631,-1,-1,-1,-1
195,31,213.97,212.53,40.311,91.482,-1,-1,-1,-1
196,31,213.96,212.88,39.808,90.339,-1,-1,-1,-1
197,31,213.96,213.23,39.309,89.207,-1,-1,-1,-1
198,31,213.99,213.58,38.818,88.092,-1,-1,-1,-1
199,31,214.09,213.92,38.335,86.995,-1,-1,-1,-1
200,31,214.39,214.3,37.845,85.88,-1,-1,-1,-1
201,31,215.27,214.83,37.272,84.581,-1,-1,-1,-1
202,31,217.67,215.85,36.402,82.604,-1,-1,-1,-1
203,31,224.09,218.2,34.72,78.786,-1,-1,-1,-1
204,31,231.79,220.98,32.74,74.291,-1,-1,-1,-1
205,31,239.31,223.62,30.751,69.776,-1,-1,-1,-1
206,31,244.93,225.31,29.119,66.07,-1,-1,-1,-1
207,31,248.03,224.21,29.21,66.278,-1,-1,-1,-1
208,31,250.16,222.07,29.937,67.928,-1,-1,-1,-1
209,31,251.97,219.63,30.838,69.972,-1,-1,-1,-1
210,31,253.68,217.15,31.756,72.057,-1,-1,-1,-1
211,31,255.39,214.78,32.657,74.104,-1,-1,-1,-1
212,31,257.15,212.67,33.543,76.114,-1,-1,-1,-1
152,32,151.68,209.05,25.921,58.82,-1,-1,-1,-1
153,32,153,208.96,25.939,58.862,-1,-1,-1,-1
154,32,154.28,208.64,26.085,59.194,-1,-1,-1,-1
155,32,154.7,207.58,26.685,60.554,-1,-1,-1,-1
156,32,154.63,204.6,28.432,64.516,-1,-1,-1,-1
157,32,154.28,201.89,30.058,68.202,-1,-1,-1,-1
158,32,153.59,201.95,30.165,68.445,-1,-1,-1,-1
159,32,152.81,203.12,29.687,67.359,-1,-1,-1,-1
160,32,152.01,204.76,29.025,65.856,-1,-1,-1,-1
161,32,151.35,206.84,28.299,64.211,-1,-1,-1,-1
162,32,151.14,209.83,27.504,62.409,-1,-1,-1,-1
163,32,151.1,212.91,26.74,60.678,-1,-1,-1,-1
164,32,151.13,215.29,26.19,59.43,-1,-1,-1,-1
165,32,151.15,215.44,26.282,59.639,-1,-1,-1,-1
166,32,151.18,213.49,27.125,61.55,-1,-1,-1,-1
167,32,151.39,211.31,28.131,63.829,-1,-1,-1,-1
168,32,152.1,210.47,28.912,65.601,-1,-1,-1,-1
169,32,153.03,210.17,29.591,67.141,-1,-1,-1,-1
170,32,154.13,210.11,30.236,68.606,-1,-1,-1,-1
171,32,155.45,210.19,30.883,70.075,-1,-1,-1,-1
172,32,157.33,210.47,31.551,71.591,-1,-1,-1,-1
173,32,159.4,210.79,32.204,73.073,-1,-1,-1,-1
174,32,161.49,211,32.763,74.343,-1,-1,-1,-1
175,32,163.48,210.88,33.054,75.004,-1,-1,-1,-1
176,32,165.08,209.75,32.746,74.304,-1,-1,-1,-1
177,32,166.61,207.88,34.78,78.922,-1,-1,-1,-1
178,32,166.28,210.92,33.923,76.977,-1,-1,-1,-1
179,32,168.45,213.17,33.182,75.294,-1,-1,-1,-1
180,32,170.17,216.58,32.087,72.807,-1,-1,-1,-1
181,32,172.82,216.81,32.88,74.609,-1,-1,-1,-1
182,32,174.36,216.75,33.057,75.012,-1,-1,-1,-1
183,32,176.3,216.28,32.869,74.584,-1,-1,-1,-1
184,32,175.3,212.29,35.392,80.311,-1,-1,-1,-1
185,32,176.09,211.46,35.773,81.176,-1,-1,-1,-1
186,32,179.54,213.04,34.318,77.873,-1,-1,-1,-1
187,32,183.62,215.58,33.713,76.499,-1,-1,-1,-1
188,32,186.33,216.44,33.506,76.03,-1,-1,-1,-1
189,32,190.4,216.46,33.481,75.974,-1,-1,-1,-1
190,32,194.86,215.64,33.649,76.356,-1,-1,-1,-1
191,32,199.11,213.05,34.281,77.791,-1,-1,-1,-1
192,32,202.4,211.11,36.014,81.723,-1,-1,-1,-1
193,32,206.36,210.72,36.631,83.125,-1,-1,-1,-1
194,32,208.93,211.44,36.781,83.464,-1,-1,-1,-1
195,32,212.62,213.82,36.779,83.46,-1,-1,-1,-1
196,32,215.03,215.02,36.78,83.463,-1,-1,-1,-1
197,32,218.51,216.08,36.935,83.814,-1,-1,-1,-1
198,32,221.47,217.9,37.535,85.177,-1,-1,-1,-1
199,32,226.91,216.32,39.154,88.851,-1,-1,-1,-1
200,32,233.63,215.64,39.389,89.383,-1,-1,-1,-1
201,32,242.3,215.14,38.527,87.427,-1,-1,-1,-1
202,32,250.75,214.08,37.986,86.2,-1,-1,-1,-1
203,32,256.63,211.32,39.362,89.323,-1,-1,-1,-1
204,32,262.14,209.91,40.107,91.017,-1,-1,-1,-1
205,32,266.82,208.51,40.911,92.847,-1,-1,-1,-1
206,32,270.21,207.72,41.733,94.709,-1,-1,-1,-1
207,32,274.82,206.94,42.572,96.617,-1,-1,-1,-1
208,32,280.07,210.99,40.511,91.937,-1,-1,-1,-1
209,32,287.09,220.13,35.63,80.854,-1,-1,-1,-1
210,32,293.01,225.99,33.19,75.313,-1,-1,-1,-1
153,33,307.66,213.5,26,59,-1,-1,-1,-1
154,33,309.26,214.57,26,59,-1,-1,-1,-1
155,33,311.41,215.3,26,59,-1,-1,-1,-1
156,33,314.24,214.4,26,59,-1,-1,-1,-1
157,33,316.56,214.99,26,59,-1,-1,-1,-1
158,33,318.69,216.15,26,59,-1,-1,-1,-1
159,33,320.75,217.52,26,59,-1,-1,-1,-1
160,33,322.77,218.98,26,59,-1,-1,-1,-1
161,33,324.81,220.47,26,59,-1,-1,-1,-1
162,33,326.87,221.98,26,59,-1,-1,-1,-1
163,33,329.05,223.5,26,59,-1,-1,-1,-1
164,33,331.5,225.07,26,59,-1,-1,-1,-1
165,33,334.67,226.74,26,59,-1,-1,-1,-1
166,33,337.76,228.17,26,58.999,-1,-1,-1,-1
167,33,339.84,228.79,25.999,58.997,-1,-1,-1,-1
168,33,343,229.23,25.996,58.991,-1,-1,-1,-1
169,33,346.4,229.92,25.99,58.977,-1,-1,-1,-1
170,33,349.46,231.54,25.98,58.954,-1,-1,-1,-1
171,33,353.22,233.69,25.972,58.936,-1,-1,-1,-1
172,33,359.44,236.46,25.992,58.983,-1,-1,-1,-1
173,33,366.3,238.55,26.127,59.288,-1,-1,-1,-1
174,33,372.61,237.95,26.582,60.319,-1,-1,-1,-1
175,33,378.67,236.38,27.175,61.662,-1,-1,-1,-1
176,33,384.59,234.6,27.86,63.215,-1,-1,-1,-1
177,33,390.31,233.17,28.677,65.067,-1,-1,-1,-1
178,33,395.63,233.13,29.682,67.35,-1,-1,-1,-1
179,33,405.13,238,28.84,65.437,-1,-1,-1,-1
180,33,411.98,239.92,28.47,64.597,-1,-1,-1,-1
181,33,417.95,240.64,28.338,64.298,-1,-1,-1,-1
182,33,425.02,240.9,28.306,64.226,-1,-1,-1,-1
183,33,431.27,240.98,28.331,64.281,-1,-1,-1,-1
184,33,434.95,240.96,28.446,64.542,-1,-1,-1,-1
185,33,443.75,240.79,28.777,65.294,-1,-1,-1,-1
186,33,453.53,240.45,29.549,67.048,-1,-1,-1,-1
187,33,463.3,243.22,28.462,64.584,-1,-1,-1,-1
188,33,474.82,244.27,28.17,63.92,-1,-1,-1,-1
189,33,486.83,244.35,28.292,64.195,-1,-1,-1,-1
190,33,498.59,243.35,28.787,65.318,-1,-1,-1,-1
191,33,508.77,240.16,30.261,68.663,-1,-1,-1,-1
192,33,521.72,239,31.318,71.065,-1,-1,-1,-1
193,33,531.21,238.43,33.259,75.473,-1,-1,-1,-1
194,33,539.58,238.33,35.468,80.493,-1,-1,-1,-1
195,33,548.08,239.09,37.52,85.154,-1,-1,-1,-1
196,33,558.07,241.96,38.867,88.207,-1,-1,-1,-1
197,33,567.42,244.98,39.807,90.334,-1,-1,-1,-1
198,33,573.3,246.29,40.277,91.397,-1,-1,-1,-1
151,35,315.35,212.97,25.995,58.989,-1,-1,-1,-1
152,35,316.34,212.97,25.989,58.974,-1,-1,-1,-1
153,35,318.97,212.97,25.979,58.951,-1,-1,-1,-1
154,35,321.83,212.98,25.973,58.94,-1,-1,-1,-1
155,35,323.73,212.95,26.008,59.018,-1,-1,-1,-1
156,35,326.56,212.78,26.185,59.417,-1,-1,-1,-1
157,35,329.09,212.22,26.738,60.669,-1,-1,-1,-1
158,35,331.53,211.79,27.385,62.134,-1,-1,-1,-1
159,35,334.03,212.14,27.91,63.326,-1,-1,-1,-1
160,35,336.7,213.03,28.266,64.139,-1,-1,-1,-1
161,35,339.85,214.85,28.201,63.998,-1,-1,-1,-1
162,35,345.31,219.1,26.776,60.762,-1,-1,-1,-1
163,35,349.11,221.11,26.439,59.995,-1,-1,-1,-1
164,35,352.25,222.22,26.563,60.276,-1,-1,-1,-1
165,35,355.16,223.01,26.843,60.909,-1,-1,-1,-1
166,35,357.98,223.71,27.157,61.622,-1,-1,-1,-1
167,35,360.8,224.38,27.469,62.329,-1,-1,-1,-1
168,35,363.64,225.06,27.771,63.012,-1,-1,-1,-1
169,35,366.58,225.76,28.059,63.665,-1,-1,-1,-1
170,35,369.75,226.5,28.329,64.276,-1,-1,-1,-1
171,35,373.54,227.3,28.576,64.837,-1,-1,-1,-1
172,35,378.91,228.22,28.823,65.398,-1,-1,-1,-1
173,35,388.35,229.31,29.188,66.227,-1,-1,-1,-1
174,35,395.02,227.02,30.991,70.32,-1,-1,-1,-1
175,35,400.86,224.21,32.881,74.61,-1,-1,-1,-1
176,35,406.98,223.23,33.544,76.117,-1,-1,-1,-1
177,35,413.25,223.05,33.72,76.516,-1,-1,-1,-1
178,35,419.7,223.4,33.666,76.393,-1,-1,-1,-1
179,35,426.61,224.71,33.238,75.423,-1,-1,-1,-1
180,35,434.79,228.54,31.807,72.176,-1,-1,-1,-1
181,35,446.17,238.57,28.048,63.645,-1,-1,-1,-1
182,35,452.15,240.7,27.601,62.629,-1,-1,-1,-1
183,35,456.31,239.28,28.657,65.024,-1,-1,-1,-1
184,35,460.66,235.61,30.475,69.151,-1,-1,-1,-1
185,35,466.52,233.63,31.303,71.03,-1,-1,-1,-1
186,35,476.52,238.44,28.86,65.488,-1,-1,-1,-1
187,35,483.74,235.84,30.008,68.089,-1,-1,-1,-1
188,35,491.96,237.32,29.444,66.808,-1,-1,-1,-1
189,35,500.76,239.7,28.332,64.287,-1,-1,-1,-1
190,35,510.13,240.25,27.681,62.812,-1,-1,-1,-1
191,35,518.12,238.85,29.781,67.574,-1,-1,-1,-1
134,37,537.08,222.67,39.54,89.734,-1,-1,-1,-1
135,37,538.77,220.77,41.027,93.11,-1,-1,-1,-1
136,37,542.95,223.53,38.906,88.289,-1,-1,-1,-1
137,37,547.85,221.66,39.935,90.623,-1,-1,-1,-1
138,37,554.52,218.67,41.582,94.361,-1,-1,-1,-1
139,37,563.7,211.88,45.224,102.63,-1,-1,-1,-1
140,37,572.43,210.63,44.766,101.6,-1,-1,-1,-1
141,37,575.96,210.76,44.605,101.23,-1,-1,-1,-1
142,37,580.15,211.11,44.339,100.63,-1,-1,-1,-1
143,37,585.24,215.02,42.086,95.514,-1,-1,-1,-1
144,37,592.39,225.79,36.47,82.763,-1,-1,-1,-1
70,40,299.6,214.33,28.111,63.783,-1,-1,-1,-1
71,40,301.08,215.43,27.318,61.987,-1,-1,-1,-1
72,40,302.72,216.4,26.776,60.759,-1,-1,-1,-1
73,40,304.05,216.49,27.283,61.908,-1,-1,-1,-1
74,40,305.68,219.47,26.417,59.945,-1,-1,-1,-1
75,40,306.02,220.8,26.087,59.196,-1,-1,-1,-1
76,40,305.85,221.46,25.991,58.98,-1,-1,-1,-1
77,40,305.5,221.87,25.978,58.95,-1,-1,-1,-1
78,40,305.12,222.18,25.985,58.966,-1,-1,-1,-1
79,40,304.81,222.41,25.992,58.983,-1,-1,-1,-1
80,40,304.74,222.49,25.997,58.993,-1,-1,-1,-1
81,40,305.32,222.22,25.999,58.998,-1,-1,-1,-1
82,40,307.58,221.02,26,59,-1,-1,-1,-1
83,40,310.55,219.85,26,59,-1,-1,-1,-1
84,40,313.9,218.66,26,59,-1,-1,-1,-1
85,40,316.12,219.15,26,59,-1,-1,-1,-1
86,40,318,220.47,26,59,-1,-1,-1,-1
87,40,318.97,221.3,26,59,-1,-1,-1,-1
88,40,320.01,222.46,26,59,-1,-1,-1,-1
89,40,322.17,225.11,26,59,-1,-1,-1,-1
90,40,323.62,227.88,25.999,58.998,-1,-1,-1,-1
91,40,325.8,229.53,25.997,58.994,-1,-1,-1,-1
92,40,326.9,231.7,25.993,58.985,-1,-1,-1,-1
93,40,328.03,232.52,25.988,58.972,-1,-1,-1,-1
94,40,330.32,232.82,25.984,58.965,-1,-1,-1,-1
95,40,332.06,232.87,26.003,59.008,-1,-1,-1,-1
96,40,334.96,232.66,26.102,59.232,-1,-1,-1,-1
97,40,337.94,231.97,26.415,59.941,-1,-1,-1,-1
98,40,339.98,230.16,27.188,61.693,-1,-1,-1,-1
99,40,343.38,232,26.381,59.864,-1,-1,-1,-1
100,40,347.21,232.57,26.176,59.399,-1,-1,-1,-1
101,40,351.17,232.12,26.645,60.461,-1,-1,-1,-1
102,40,355.15,230.08,28.358,64.345,-1,-1,-1,-1
103,40,358.42,226.05,30.155,68.424,-1,-1,-1,-1
104,40,361.52,224.65,30.744,69.76,-1,-1,-1,-1
105,40,367.5,224.35,30.838,69.971,-1,-1,-1,-1
106,40,372.21,224.59,30.758,69.789,-1,-1,-1,-1
107,40,377.39,225.4,30.247,68.631,-1,-1,-1,-1
108,40,381.68,223.68,32.489,73.721,-1,-1,-1,-1
109,40,386.97,223.01,33.343,75.66,-1,-1,-1,-1
110,40,393.57,222.86,33.56,76.152,-1,-1,-1,-1
111,40,398.03,222.93,33.462,75.93,-1,-1,-1,-1
112,40,404.78,223.2,33.047,74.988,-1,-1,-1,-1
113,40,410.46,223.73,32.083,72.8,-1,-1,-1,-1
114,40,419.4,223.27,32.994,74.867,-1,-1,-1,-1
115,40,425.8,223,33.443,75.887,-1,-1,-1,-1
116,40,431.03,222.63,33.89,76.904,-1,-1,-1,-1
117,40,435.27,221.66,34.9,79.198,-1,-1,-1,-1
118,40,439.61,220.43,35.877,81.414,-1,-1,-1,-1
119,40,443.79,224.86,35.767,81.163,-1,-1,-1,-1
120,40,448.62,220.57,38.381,87.095,-1,-1,-1,-1
121,40,454.72,222,38.363,87.055,-1,-1,-1,-1
122,40,462.13,224.46,35.8,81.237,-1,-1,-1,-1
123,40,468.41,222.45,36.316,82.408,-1,-1,-1,-1
124,40,474.07,221.54,36.694,83.268,-1,-1,-1,-1
125,40,479.83,220.9,37.258,84.546,-1,-1,-1,-1
126,40,485.44,219.87,38.588,87.566,-1,-1,-1,-1
127,40,491.76,222.95,38.318,86.954,-1,-1,-1,-1
128,40,503.63,221.14,40.35,91.568,-1,-1,-1,-1
129,40,516.2,218.31,42.881,97.317,-1,-1,-1,-1
130,40,528.47,217.71,43.635,99.03,-1,-1,-1,-1
131,40,538.64,218.75,43.38,98.448,-1,-1,-1,-1
132,40,550.76,222.18,42.089,95.512,-1,-1,-1,-1
133,40,561.67,224.88,40.923,92.866,-1,-1,-1,-1
134,40,568.81,223.5,41.526,94.237,-1,-1,-1,-1
135,40,573.95,220.81,43.146,97.919,-1,-1,-1,-1
136,40,582.03,221.89,44.093,100.07,-1,-1,-1,-1
137,40,588.06,220.71,45.422,103.09,-1,-1,-1,-1
28,41,411.75,219.93,26.372,59.842,-1,-1,-1,-1
29,41,413.36,217.71,27.218,61.76,-1,-1,-1,-1
30,41,415.68,219.68,26.539,60.222,-1,-1,-1,-1
31,41,418.75,220.21,26.541,60.226,-1,-1,-1,-1
32,41,421.59,219.78,27.24,61.81,-1,-1,-1,-1
33,41,425.3,220.55,26.479,60.085,-1,-1,-1,-1
34,41,427.29,220.68,26.392,59.888,-1,-1,-1,-1
35,41,429.49,220.18,26.977,61.213,-1,-1,-1,-1
36,41,431.35,219.76,27.523,62.45,-1,-1,-1,-1
37,41,434.74,220.48,26.94,61.13,-1,-1,-1,-1
38,41,437.8,220.48,27.488,62.373,-1,-1,-1,-1
39,41,439.78,222.23,26.961,61.179,-1,-1,-1,-1
40,41,441.01,223.6,26.795,60.801,-1,-1,-1,-1
41,41,440.03,223.09,27.837,63.162,-1,-1,-1,-1
42,41,440.14,222.83,28.239,64.074,-1,-1,-1,-1
43,41,441.5,222.65,28.336,64.294,-1,-1,-1,-1
44,41,445.45,222.31,28.249,64.097,-1,-1,-1,-1
45,41,447.91,221.5,27.909,63.325,-1,-1,-1,-1
46,41,451.27,223.27,27.072,61.429,-1,-1,-1,-1
47,41,454.62,222.82,27.752,62.97,-1,-1,-1,-1
48,41,456.57,222.31,27.747,62.959,-1,-1,-1,-1
49,41,459.04,225.21,27.079,61.444,-1,-1,-1,-1
50,41,461.18,223.73,28.017,63.571,-1,-1,-1,-1
51,41,464.35,222.92,28.701,65.123,-1,-1,-1,-1
52,41,466.76,222.13,29.659,67.297,-1,-1,-1,-1
53,41,468.09,225.19,28.801,65.35,-1,-1,-1,-1
54,41,468.3,226.38,28.453,64.559,-1,-1,-1,-1
55,41,467.52,226.67,28.458,64.571,-1,-1,-1,-1
56,41,464.94,226.27,28.891,65.554,-1,-1,-1,-1
57,41,462.02,224.85,30.127,68.358,-1,-1,-1,-1
58,41,458.16,224.71,30.259,68.66,-1,-1,-1,-1
59,41,454.32,225.58,29.525,66.992,-1,-1,-1,-1
60,41,448.51,224.54,30.402,68.984,-1,-1,-1,-1
61,41,442.17,224.13,30.748,69.768,-1,-1,-1,-1
62,41,438.06,224.01,30.852,70.005,-1,-1,-1,-1
63,41,432.04,223.99,30.869,70.042,-1,-1,-1,-1
64,41,428.13,223.99,30.86,70.022,-1,-1,-1,-1
65,41,422.43,224,30.845,69.989,-1,-1,-1,-1
66,41,418.24,224.01,30.827,69.949,-1,-1,-1,-1
67,41,411.4,223.99,30.812,69.913,-1,-1,-1,-1
68,41,405.09,223.88,30.828,69.951,-1,-1,-1,-1
69,41,402.01,223.46,30.977,70.287,-1,-1,-1,-1
70,41,404.05,222.22,31.51,71.499,-1,-1,-1,-1
71,41,403.24,218.93,32.941,74.748,-1,-1,-1,-1
72,41,405.11,218.09,33.32,75.608,-1,-1,-1,-1
73,41,406.56,218.94,32.951,74.771,-1,-1,-1,-1
74,41,408.93,222.18,31.624,71.757,-1,-1,-1,-1
75,41,409.22,223.15,31.466,71.399,-1,-1,-1,-1
76,41,407.73,222.85,32.303,73.298,-1,-1,-1,-1
77,41,408.3,222.7,31.635,71.784,-1,-1,-1,-1
78,41,410.22,220.85,32.109,72.861,-1,-1,-1,-1
79,41,412.7,218.65,33.055,75.007,-1,-1,-1,-1
80,41,416.2,218.46,33.231,75.403,-1,-1,-1,-1
81,41,419.22,220.02,32.846,74.524,-1,-1,-1,-1
82,41,422.21,221.93,32.228,73.127,-1,-1,-1,-1
83,41,426.19,220.88,33.8,76.696,-1,-1,-1,-1
84,41,429.44,217.58,35.751,81.126,-1,-1,-1,-1
85,41,433.68,217.79,35.884,81.428,-1,-1,-1,-1
86,41,437.08,221.64,34.42,78.106,-1,-1,-1,-1
87,41,440.55,223.83,34.092,77.363,-1,-1,-1,-1
88,41,443.99,225.25,34.278,77.787,-1,-1,-1,-1
89,41,447.39,226.18,34.727,78.807,-1,-1,-1,-1
90,41,450.6,226.34,35.523,80.614,-1,-1,-1,-1
91,41,453.3,224.62,37.12,84.236,-1,-1,-1,-1
92,41,457.35,220.38,39.181,88.913,-1,-1,-1,-1
93,41,459.12,221.13,39.874,90.483,-1,-1,-1,-1
94,41,460.31,221.46,40.044,90.869,-1,-1,-1,-1
95,41,462.01,221.37,40.142,91.092,-1,-1,-1,-1
96,41,465.79,220.49,40.503,91.911,-1,-1,-1,-1
97,41,469.39,217.87,41.583,94.363,-1,-1,-1,-1
98,41,473.64,216.19,42.224,95.825,-1,-1,-1,-1
99,41,479.88,215.75,42.396,96.22,-1,-1,-1,-1
100,41,487.29,216.83,42.021,95.369,-1,-1,-1,-1
101,41,496.17,221.04,40.623,92.187,-1,-1,-1,-1
102,41,502.07,221.2,40.528,91.968,-1,-1,-1,-1
103,41,506.79,219.89,41.57,94.337,-1,-1,-1,-1
104,41,510.86,218.13,42.967,97.513,-1,-1,-1,-1
105,41,516.09,218.1,42.978,97.538,-1,-1,-1,-1
106,41,520.62,219.51,41.839,94.95,-1,-1,-1,-1
107,41,523.41,217.53,43.36,98.405,-1,-1,-1,-1
108,41,525.65,216.02,44.468,100.92,-1,-1,-1,-1
109,41,529.73,213.77,46.021,104.44,-1,-1,-1,-1
110,41,536.14,218.51,44.661,101.36,-1,-1,-1,-1
111,41,541.8,217.84,44.067,100.01,-1,-1,-1,-1
112,41,552.29,217.9,43.831,99.475,-1,-1,-1,-1
113,41,558.06,218.78,43.687,99.148,-1,-1,-1,-1
114,41,564.87,221.37,43.483,98.68,-1,-1,-1,-1
115,41,571.56,223.67,43.567,98.874,-1,-1,-1,-1
116,41,578.65,225.24,43.743,99.271,-1,-1,-1,-1
117,41,584.84,226,44.849,101.79,-1,-1,-1,-1
118,41,588.8,223.93,48.262,109.53,-1,-1,-1,-1
28,42,351.03,220.99,26,59,-1,-1,-1,-1
29,42,351.04,220.99,26,59,-1,-1,-1,-1
30,42,351.05,220.99,26,59,-1,-1,-1,-1
31,42,351.05,220.99,26,59,-1,-1,-1,-1
32,42,351.06,220.99,26,59,-1,-1,-1,-1
33,42,351.08,221,26,59,-1,-1,-1,-1
34,42,351.11,221.01,26,59,-1,-1,-1,-1
35,42,351.2,221.05,26,59,-1,-1,-1,-1
36,42,351.42,221.15,26,59,-1,-1,-1,-1
37,42,352.01,221.41,26,59,-1,-1,-1,-1
38,42,353.52,222.1,26,59,-1,-1,-1,-1
39,42,353.45,223.89,26,59,-1,-1,-1,-1
40,42,351.75,224.56,26,59,-1,-1,-1,-1
41,42,350.7,224.79,26,59,-1,-1,-1,-1
42,42,349.25,224.79,26,59,-1,-1,-1,-1
43,42,347.97,224.58,26,59,-1,-1,-1,-1
44,42,347.57,223.93,26,59,-1,-1,-1,-1
45,42,347.64,222.2,26,59,-1,-1,-1,-1
46,42,348.27,221.7,26,59,-1,-1,-1,-1
47,42,350.04,221.91,26,59,-1,-1,-1,-1
48,42,350.71,223.05,26,59,-1,-1,-1,-1
49,42,350.94,224.26,25.999,58.998,-1,-1,-1,-1
50,42,350.93,224.72,25.997,58.993,-1,-1,-1,-1
51,42,350.66,224.91,25.992,58.982,-1,-1,-1,-1
52,42,349.84,224.99,25.985,58.965,-1,-1,-1,-1
53,42,347.63,225.03,25.978,58.951,-1,-1,-1,-1
54,42,345.81,225.06,25.994,58.986,-1,-1,-1,-1
55,42,342.52,225.04,26.096,59.218,-1,-1,-1,-1
56,42,338.47,224.89,26.442,60.002,-1,-1,-1,-1
57,42,333.61,224.51,27.337,62.03,-1,-1,-1,-1
58,42,328.33,226.06,26.863,60.957,-1,-1,-1,-1
59,42,320.13,224.5,27.387,62.144,-1,-1,-1,-1
60,42,311,224.68,26.749,60.698,-1,-1,-1,-1
61,42,301.58,224.13,27.231,61.789,-1,-1,-1,-1
62,42,292.54,223.47,27.987,63.503,-1,-1,-1,-1
63,42,285.02,223.3,28.385,64.405,-1,-1,-1,-1
64,42,276.45,223.31,28.938,65.661,-1,-1,-1,-1
65,42,266.27,223.44,30.262,68.666,-1,-1,-1,-1
66,42,258.61,223.43,30.615,69.467,-1,-1,-1,-1
67,42,249.82,223.22,30.391,68.958,-1,-1,-1,-1
68,42,241,222.29,29.641,67.256,-1,-1,-1,-1
69,42,235.03,219.88,30.871,70.047,-1,-1,-1,-1
70,42,233.22,218.27,32.213,73.096,-1,-1,-1,-1
71,42,234.03,218.51,31.716,71.966,-1,-1,-1,-1
72,42,232.89,218.02,32.321,73.339,-1,-1,-1,-1
73,42,231.18,217.43,33.157,75.238,-1,-1,-1,-1
74,42,229.83,217.44,33.464,75.935,-1,-1,-1,-1
75,42,227.37,217.88,33.696,76.461,-1,-1,-1,-1
76,42,221.24,218.93,34.316,77.869,-1,-1,-1,-1
77,42,215.29,215.53,36.031,81.762,-1,-1,-1,-1
78,42,210.92,213.05,36.656,83.181,-1,-1,-1,-1
79,42,209.75,213.98,36.877,83.683,-1,-1,-1,-1
80,42,210.49,214.03,37.088,84.163,-1,-1,-1,-1
81,42,207.84,213.19,37.566,85.252,-1,-1,-1,-1
82,42,208.22,214.16,37.011,83.988,-1,-1,-1,-1
83,42,208.8,214.1,36.879,83.687,-1,-1,-1,-1
84,42,210.01,212.68,37.28,84.595,-1,-1,-1,-1
85,42,211,211.12,38.072,86.392,-1,-1,-1,-1
86,42,210.62,210.31,39.671,90.023,-1,-1,-1,-1
87,42,206.23,203.48,45.372,102.96,-1,-1,-1,-1
88,42,204.7,201.7,47.204,107.12,-1,-1,-1,-1
89,42,204.52,203.23,46.962,106.58,-1,-1,-1,-1
90,42,205.17,208.85,45.053,102.25,-1,-1,-1,-1
91,42,203.48,212.37,45.187,102.55,-1,-1,-1,-1
92,42,197.57,209.86,47.874,108.64,-1,-1,-1,-1
93,42,192.04,208.91,50.799,115.28,-1,-1,-1,-1
94,42,188.84,208.6,51.833,117.62,-1,-1,-1,-1
95,42,184.64,208.35,52.264,118.6,-1,-1,-1,-1
96,42,183.03,207.41,52.949,120.15,-1,-1,-1,-1
97,42,182.31,204.68,54.732,124.2,-1,-1,-1,-1
98,42,182.15,205.34,53.726,121.91,-1,-1,-1,-1
99,42,181.67,201.5,55.162,125.17,-1,-1,-1,-1
100,42,180.56,196.77,55.228,125.32,-1,-1,-1,-1
101,42,177.01,193.92,60.22,136.65,-1,-1,-1,-1
102,42,171.4,192.21,63.033,143.04,-1,-1,-1,-1
103,42,167.07,189.77,66.602,151.14,-1,-1,-1,-1
104,42,165.02,188.94,67.982,154.27,-1,-1,-1,-1
105,42,162.82,188.04,69.301,157.26,-1,-1,-1,-1
106,42,157.83,185.27,72.683,164.93,-1,-1,-1,-1
107,42,153.28,183.36,74.805,169.74,-1,-1,-1,-1
108,42,144.06,179.08,78.938,179.12,-1,-1,-1,-1
109,42,131.63,167.45,89.853,203.89,-1,-1,-1,-1
110,42,124.6,163.37,94.193,213.74,-1,-1,-1,-1
111,42,115.59,161.97,96.982,220.07,-1,-1,-1,-1
112,42,109.09,160.68,102.05,231.57,-1,-1,-1,-1
113,42,104.27,159.72,103.62,235.15,-1,-1,-1,-1
114,42,96.038,157.52,103.84,235.63,-1,-1,-1,-1
115,42,91.707,150.81,103.84,235.63,-1,-1,-1,-1
116,42,86.386,147.71,104.72,237.64,-1,-1,-1,-1
117,42,74.111,143.67,108.65,246.55,-1,-1,-1,-1
118,42,58.373,134.06,120.08,272.49,-1,-1,-1,-1
119,42,48.518,122.9,124.81,283.22,-1,-1,-1,-1
120,42,34.031,116.54,128.9,292.5,-1,-1,-1,-1
121,42,18.446,106.31,138.5,314.26,-1,-1,-1,-1
122,42,3.3269,95.495,148.42,336.78,-1,-1,-1,-1
30,43,326.6,217.8,25.931,58.844,-1,-1,-1,-1
31,43,325.62,219.12,26.082,59.185,-1,-1,-1,-1
32,43,327.1,222.33,26.544,60.234,-1,-1,-1,-1
33,43,328.5,222.57,27.804,63.087,-1,-1,-1,-1
34,43,328.46,222.67,28.266,64.135,-1,-1,-1,-1
35,43,327.93,222.72,28.397,64.433,-1,-1,-1,-1
36,43,327.35,222.7,28.397,64.432,-1,-1,-1,-1
37,43,327.16,222.58,28.265,64.132,-1,-1,-1,-1
38,43,328.18,222.31,27.802,63.082,-1,-1,-1,-1
39,43,332.44,221.66,26.544,60.232,-1,-1,-1,-1
40,43,333.9,221.36,26.09,59.204,-1,-1,-1,-1
41,43,333.99,221.16,25.971,58.934,-1,-1,-1,-1
42,43,332.87,220.98,25.961,58.912,-1,-1,-1,-1
43,43,331.44,220.73,25.974,58.94,-1,-1,-1,-1
44,43,330.31,220.2,25.982,58.96,-1,-1,-1,-1
45,43,328.35,218.87,25.984,58.963,-1,-1,-1,-1
46,43,327.6,219.43,25.984,58.965,-1,-1,-1,-1
47,43,327.3,220.41,26.008,59.017,-1,-1,-1,-1
48,43,327.1,220.73,26.114,59.258,-1,-1,-1,-1
49,43,326.78,220.67,26.44,59.997,-1,-1,-1,-1
50,43,326.06,220.27,27.228,61.782,-1,-1,-1,-1
51,43,326.46,221.72,26.412,59.933,-1,-1,-1,-1
52,43,326.06,223.82,26.086,59.194,-1,-1,-1,-1
53,43,324.37,224.46,26.089,59.203,-1,-1,-1,-1
54,43,321.66,224.19,26.509,60.152,-1,-1,-1,-1
55,43,317.21,222.73,27.754,62.975,-1,-1,-1,-1
56,43,312.84,221.21,28.224,64.041,-1,-1,-1,-1
57,43,309.14,222.07,28.45,64.551,-1,-1,-1,-1
58,43,302.35,221.96,28.819,65.39,-1,-1,-1,-1
59,43,293.66,220.72,29.748,67.499,-1,-1,-1,-1
60,43,285.63,221.62,29.201,66.259,-1,-1,-1,-1
61,43,276.95,220.81,29.81,67.643,-1,-1,-1,-1
62,43,267.41,220.29,30.32,68.799,-1,-1,-1,-1
63,43,256.36,220.3,30.762,69.8,-1,-1,-1,-1
64,43,241.61,221.52,31.193,70.779,-1,-1,-1,-1
65,43,232.42,219.98,32.187,73.034,-1,-1,-1,-1
66,43,224.72,217.88,33.182,75.294,-1,-1,-1,-1
67,43,215.93,216.85,33.634,76.321,-1,-1,-1,-1
68,43,208.2,215.67,34.175,77.548,-1,-1,-1,-1
69,43,203.78,213.04,35.438,80.417,-1,-1,-1,-1
70,43,201.52,213.94,34.938,79.282,-1,-1,-1,-1
71,43,200.74,211.37,36.196,82.137,-1,-1,-1,-1
72,43,198.93,210.43,36.661,83.193,-1,-1,-1,-1
73,43,199.27,210.2,36.785,83.475,-1,-1,-1,-1
74,43,197.01,210.33,36.79,83.484,-1,-1,-1,-1
75,43,194.85,210.88,36.757,83.411,-1,-1,-1,-1
76,43,190.57,212.33,36.718,83.322,-1,-1,-1,-1
77,43,185.89,211.03,36.705,83.292,-1,-1,-1,-1
78,43,182.06,210.54,36.83,83.577,-1,-1,-1,-1
79,43,180.16,210.17,37.411,84.894,-1,-1,-1,-1
80,43,178.22,209.39,39.156,88.857,-1,-1,-1,-1
81,43,177.54,207.99,40.07,90.939,-1,-1,-1,-1
82,43,175.27,205.67,41.892,95.076,-1,-1,-1,-1
83,43,172.24,202.62,44.048,99.967,-1,-1,-1,-1
84,43,168.6,198.58,46.083,104.58,-1,-1,-1,-1
85,43,167.02,201.25,45.358,102.94,-1,-1,-1,-1
86,43,165.33,200.94,46.357,105.2,-1,-1,-1,-1
87,43,161.98,201.75,45.705,103.73,-1,-1,-1,-1
88,43,160.03,199.11,47.985,108.9,-1,-1,-1,-1
89,43,157.84,195.13,50.778,115.23,-1,-1,-1,-1
90,43,155.58,193.71,52.015,118.04,-1,-1,-1,-1
91,43,150.73,192.88,53.401,121.18,-1,-1,-1,-1
92,43,146.24,191.32,56.773,128.83,-1,-1,-1,-1
93,43,141.07,188.51,59.676,135.42,-1,-1,-1,-1
94,43,136.48,191.62,58.83,133.5,-1,-1,-1,-1
95,43,130.03,192.81,60.431,137.13,-1,-1,-1,-1
96,43,122.41,193.52,60.491,137.27,-1,-1,-1,-1
97,43,115.26,183.71,65.954,149.66,-1,-1,-1,-1
98,43,110.49,178.97,69.052,156.69,-1,-1,-1,-1
99,43,103.28,174.55,72.9,165.42,-1,-1,-1,-1
100,43,99.954,173.16,74.102,168.14,-1,-1,-1,-1
101,43,96.965,172.96,74.255,168.49,-1,-1,-1,-1
102,43,91.025,173.11,74.095,168.13,-1,-1,-1,-1
103,43,86.899,173.06,74.082,168.1,-1,-1,-1,-1
104,43,80.055,171.84,75.016,170.22,-1,-1,-1,-1
105,43,75.153,167.07,78.851,178.92,-1,-1,-1,-1
106,43,67.134,153.68,89.718,203.58,-1,-1,-1,-1
107,43,58.097,149.12,93.96,213.21,-1,-1,-1,-1
108,43,52.741,148.2,96.388,218.72,-1,-1,-1,-1
109,43,45.131,148.68,100.58,228.25,-1,-1,-1,-1
110,43,39.003,152.8,100.62,228.32,-1,-1,-1,-1
111,43,30.877,145.54,108.7,246.66,-1,-1,-1,-1
112,43,24.289,146.43,112.13,254.45,-1,-1,-1,-1
113,43,18.484,150.43,113.53,257.61,-1,-1,-1,-1
114,43,13.16,154.86,114.13,258.97,-1,-1,-1,-1
68,44,346.58,221.55,26,59,-1,-1,-1,-1
69,44,345.8,222.67,26,59,-1,-1,-1,-1
70,44,347.9,221.48,26,59,-1,-1,-1,-1
71,44,350.96,220.78,26,59,-1,-1,-1,-1
72,44,350.6,221.44,26,59,-1,-1,-1,-1
73,44,349.87,222.55,26,59,-1,-1,-1,-1
74,44,349.04,223.47,26,59,-1,-1,-1,-1
75,44,348.96,224.16,26,59,-1,-1,-1,-1
76,44,346.9,224,26,59,-1,-1,-1,-1
77,44,344.85,223.67,26,59,-1,-1,-1,-1
78,44,344.74,222.02,26,59,-1,-1,-1,-1
79,44,346.5,221.42,26,59,-1,-1,-1,-1
80,44,347.86,221.25,26,59,-1,-1,-1,-1
81,44,350.17,221.36,26,59,-1,-1,-1,-1
82,44,351.74,221.84,26,59,-1,-1,-1,-1
83,44,354.13,223.2,26,59,-1,-1,-1,-1
84,44,355.73,222.78,26,59,-1,-1,-1,-1
85,44,358.13,224.17,26,59,-1,-1,-1,-1
86,44,359.72,224.73,26,59,-1,-1,-1,-1
87,44,362.1,225.04,26,59,-1,-1,-1,-1
88,44,363.62,225.39,26,59,-1,-1,-1,-1
89,44,365.82,226.15,25.999,58.997,-1,-1,-1,-1
90,44,366.88,228.06,25.996,58.991,-1,-1,-1,-1
91,44,367.88,229.01,25.99,58.978,-1,-1,-1,-1
92,44,369.81,229.97,25.98,58.954,-1,-1,-1,-1
93,44,370.59,231.84,25.969,58.93,-1,-1,-1,-1
94,44,371,232.46,25.983,58.963,-1,-1,-1,-1
95,44,371.41,232.38,26.103,59.234,-1,-1,-1,-1
96,44,372.2,231.41,26.531,60.202,-1,-1,-1,-1
97,44,374.2,228.62,27.673,62.791,-1,-1,-1,-1
98,44,377.66,227.86,27.791,63.058,-1,-1,-1,-1
99,44,380.98,228.24,27.108,61.511,-1,-1,-1,-1
100,44,382.15,227.41,27.919,63.348,-1,-1,-1,-1
101,44,383.59,227.09,28.239,64.074,-1,-1,-1,-1
102,44,386.77,226.99,28.339,64.301,-1,-1,-1,-1
103,44,390.84,226.99,28.358,64.345,-1,-1,-1,-1
104,44,394.83,227.03,28.347,64.317,-1,-1,-1,-1
105,44,398.74,227.17,28.293,64.196,-1,-1,-1,-1
106,44,402.45,227.56,28.131,63.828,-1,-1,-1,-1
107,44,404.66,228.56,27.718,62.893,-1,-1,-1,-1
108,44,407.47,230.93,26.864,60.959,-1,-1,-1,-1
109,44,410.28,230.08,27.879,63.263,-1,-1,-1,-1
110,44,411.91,225.18,31.747,72.039,-1,-1,-1,-1
111,44,413.95,223.5,32.877,74.602,-1,-1,-1,-1
112,44,418.49,223.51,32.292,73.274,-1,-1,-1,-1
113,44,423.26,224.05,31.325,71.077,-1,-1,-1,-1
62,45,207.26,211.71,34.028,77.215,-1,-1,-1,-1
63,45,201.37,210.92,35.187,79.846,-1,-1,-1,-1
64,45,194.84,211.62,34.267,77.758,-1,-1,-1,-1
65,45,187.73,211.54,34.434,78.136,-1,-1,-1,-1
66,45,177.94,210.42,36.002,81.698,-1,-1,-1,-1
67,45,172.08,209.99,36.588,83.027,-1,-1,-1,-1
68,45,168,209.76,36.809,83.528,-1,-1,-1,-1
69,45,165.19,209.28,37.101,84.19,-1,-1,-1,-1
70,45,164.43,207.84,37.931,86.074,-1,-1,-1,-1
71,45,164.38,206.21,38.898,88.27,-1,-1,-1,-1
72,45,164.4,205.02,39.656,89.99,-1,-1,-1,-1
73,45,163.96,205.33,39.671,90.023,-1,-1,-1,-1
74,45,163.33,206.21,39.41,89.432,-1,-1,-1,-1
75,45,162.62,207.27,39.073,88.667,-1,-1,-1,-1
76,45,161.86,208.38,38.726,87.879,-1,-1,-1,-1
77,45,161.09,209.49,38.382,87.097,-1,-1,-1,-1
78,45,160.3,210.61,38.037,86.315,-1,-1,-1,-1
79,45,159.5,211.72,37.694,85.537,-1,-1,-1,-1
80,45,158.64,212.76,37.379,84.823,-1,-1,-1,-1
81,45,157.63,213.58,37.195,84.404,-1,-1,-1,-1
82,45,156.16,213.75,37.408,84.887,-1,-1,-1,-1
83,45,153.56,212.28,38.581,87.55,-1,-1,-1,-1
84,45,152.51,213.43,38.05,86.344,-1,-1,-1,-1
85,45,151.57,212.41,39.321,89.228,-1,-1,-1,-1
86,45,150,213.74,39.963,90.686,-1,-1,-1,-1
87,45,146.12,212.49,40.827,92.65,-1,-1,-1,-1
88,45,141.93,207.14,43.023,97.64,-1,-1,-1,-1
89,45,139.51,205.02,44.316,100.57,-1,-1,-1,-1
90,45,136.34,203.76,46.242,104.94,-1,-1,-1,-1
91,45,131.32,206.33,46.47,105.46,-1,-1,-1,-1
92,45,123.73,203.67,50.692,115.04,-1,-1,-1,-1
93,45,113.59,203.43,53.792,122.06,-1,-1,-1,-1
94,45,98.735,197.25,58.982,133.84,-1,-1,-1,-1
95,45,90.846,195.67,60.839,138.05,-1,-1,-1,-1
96,45,85.651,195.9,61.371,139.26,-1,-1,-1,-1
97,45,81.438,196.72,61.492,139.53,-1,-1,-1,-1
98,45,77.56,197.68,61.533,139.63,-1,-1,-1,-1
99,45,73.786,198.63,61.574,139.72,-1,-1,-1,-1
100,45,70.028,199.56,61.613,139.81,-1,-1,-1,-1
101,45,66.21,200.39,61.656,139.91,-1,-1,-1,-1
102,45,62.149,200.84,61.806,140.25,-1,-1,-1,-1
103,45,57.327,200.06,62.449,141.71,-1,-1,-1,-1
104,45,50.392,195.77,64.627,146.65,-1,-1,-1,-1
105,45,38.068,182.62,70.558,160.11,-1,-1,-1,-1
106,45,25.683,170.56,75.045,170.3,-1,-1,-1,-1
107,45,18.231,169.98,71.998,163.38,-1,-1,-1,-1
108,45,10.654,170.63,73.6,167.01,-1,-1,-1,-1
13,46,295.58,217,26,59,-1,-1,-1,-1
14,46,296.79,216.99,26,59,-1,-1,-1,-1
15,46,298.22,216.99,26,59,-1,-1,-1,-1
16,46,299.69,216.99,26,59,-1,-1,-1,-1
17,46,301.07,216.99,26,59,-1,-1,-1,-1
18,46,302.11,216.99,26,59,-1,-1,-1,-1
19,46,302.24,216.99,26,59,-1,-1,-1,-1
20,46,301.61,216.99,26,59,-1,-1,-1,-1
21,46,300.92,216.99,26,59,-1,-1,-1,-1
22,46,300.81,216.99,26,59,-1,-1,-1,-1
23,46,302.53,216.99,26,59,-1,-1,-1,-1
24,46,303.76,216.99,26,59,-1,-1,-1,-1
25,46,304.73,216.99,26,59,-1,-1,-1,-1
26,46,305.41,216.99,26,59,-1,-1,-1,-1
27,46,305.47,216.99,26,59,-1,-1,-1,-1
28,46,303.96,216.99,26,59,-1,-1,-1,-1
29,46,303.39,216.99,25.998,58.996,-1,-1,-1,-1
30,46,303.21,217,25.994,58.985,-1,-1,-1,-1
31,46,303.22,217.03,25.983,58.961,-1,-1,-1,-1
32,46,303.43,217.09,25.963,58.915,-1,-1,-1,-1
33,46,304.04,217.23,25.939,58.861,-1,-1,-1,-1
34,46,305.62,217.5,25.95,58.886,-1,-1,-1,-1
35,46,305.66,218.04,26.132,59.299,-1,-1,-1,-1
36,46,308.14,219.19,26.841,60.907,-1,-1,-1,-1
37,46,307.47,218.05,28.829,65.415,-1,-1,-1,-1
38,46,310.39,216.35,30.955,70.24,-1,-1,-1,-1
39,46,316.43,220.89,28.829,65.415,-1,-1,-1,-1
40,46,317.94,223.69,26.841,60.907,-1,-1,-1,-1
41,46,318.02,224.68,26.132,59.299,-1,-1,-1,-1
42,46,320.76,224.87,25.95,58.886,-1,-1,-1,-1
43,46,316.97,224.65,25.939,58.861,-1,-1,-1,-1
44,46,314.94,223.96,25.963,58.915,-1,-1,-1,-1
45,46,312.69,222.18,25.983,58.961,-1,-1,-1,-1
46,46,311.96,221.58,25.994,58.985,-1,-1,-1,-1
47,46,312.05,221.58,25.998,58.996,-1,-1,-1,-1
48,46,313.01,222.16,26,59,-1,-1,-1,-1
49,46,311.79,223.92,26,59.001,-1,-1,-1,-1
50,46,311.16,224.59,26,59,-1,-1,-1,-1
51,46,310.48,224.86,25.999,58.998,-1,-1,-1,-1
52,46,309.06,224.97,25.996,58.991,-1,-1,-1,-1
53,46,309.46,225.05,25.989,58.976,-1,-1,-1,-1
54,46,308.06,225.16,25.977,58.947,-1,-1,-1,-1
55,46,303.45,225.42,25.961,58.912,-1,-1,-1,-1
56,46,298.98,226.01,25.966,58.923,-1,-1,-1,-1
57,46,294.15,227.47,26.074,59.168,-1,-1,-1,-1
58,46,288.11,227.08,26.505,60.145,-1,-1,-1,-1
59,46,278.79,224.44,27.73,62.92,-1,-1,-1,-1
60,46,270.14,223.44,28.175,63.927,-1,-1,-1,-1
61,46,262.48,222.92,28.416,64.476,-1,-1,-1,-1
62,46,253.02,222.06,28.986,65.768,-1,-1,-1,-1
63,46,245.24,219.75,30.654,69.554,-1,-1,-1,-1
64,46,237.59,218.22,32.114,72.87,-1,-1,-1,-1
65,46,229.58,217.22,33.219,75.379,-1,-1,-1,-1
66,46,220.29,216.95,33.553,76.136,-1,-1,-1,-1
67,46,210.65,216.97,33.608,76.261,-1,-1,-1,-1
68,46,201.19,217.1,33.596,76.234,-1,-1,-1,-1
69,46,192.71,217.37,33.604,76.253,-1,-1,-1,-1
70,46,186.96,218,33.694,76.457,-1,-1,-1,-1
71,46,182.26,218.77,33.809,76.716,-1,-1,-1,-1
72,46,177.93,219.6,33.916,76.957,-1,-1,-1,-1
73,46,173.67,220.42,34.008,77.167,-1,-1,-1,-1
74,46,169.21,221.1,34.139,77.463,-1,-1,-1,-1
75,46,164,221.2,34.52,78.327,-1,-1,-1,-1
76,46,156.73,219.55,35.755,81.131,-1,-1,-1,-1
77,46,144.01,213.37,39.206,88.97,-1,-1,-1,-1
78,46,131.49,206.99,42.772,97.07,-1,-1,-1,-1
79,46,124.97,204.51,44.471,100.93,-1,-1,-1,-1
80,46,120.76,203.56,45.434,103.11,-1,-1,-1,-1
81,46,117.41,203.13,46.172,104.78,-1,-1,-1,-1
82,46,114.36,202.85,46.871,106.37,-1,-1,-1,-1
83,46,111.41,202.59,47.58,107.98,-1,-1,-1,-1
84,46,108.5,202.34,48.302,109.61,-1,-1,-1,-1
85,46,105.59,202.1,49.023,111.25,-1,-1,-1,-1
86,46,102.68,201.91,49.724,112.84,-1,-1,-1,-1
87,46,99.748,201.84,50.378,114.32,-1,-1,-1,-1
88,46,96.709,202.01,50.968,115.66,-1,-1,-1,-1
89,46,93.318,202.62,51.551,116.98,-1,-1,-1,-1
90,46,88.836,203.98,52.467,119.06,-1,-1,-1,-1
91,46,78.302,192.38,59.689,135.45,-1,-1,-1,-1
92,46,73.016,191.35,62.481,141.78,-1,-1,-1,-1
93,46,71.237,206.1,56.718,128.7,-1,-1,-1,-1
94,46,61.954,208.25,57.138,129.66,-1,-1,-1,-1
95,46,55.051,206.23,59.027,133.94,-1,-1,-1,-1
96,46,43.892,198.61,63.759,144.68,-1,-1,-1,-1
97,46,38.683,202.81,62.246,141.25,-1,-1,-1,-1
98,46,36.418,207.18,60.419,137.1,-1,-1,-1,-1
99,46,35.526,206.27,60.713,137.77,-1,-1,-1,-1
100,46,36.224,190.34,66.819,151.62,-1,-1,-1,-1
101,46,33.151,186.8,68.767,156.03,-1,-1,-1,-1
102,46,28.742,188.18,68.937,156.42,-1,-1,-1,-1
103,46,23.827,191.28,68.505,155.44,-1,-1,-1,-1
104,46,18.785,194.71,67.94,154.16,-1,-1,-1,-1
105,46,13.963,197.62,67.404,152.94,-1,-1,-1,-1
31,47,332.21,219,28.295,64.201,-1,-1,-1,-1
32,47,328.46,219.26,28.01,63.556,-1,-1,-1,-1
33,47,323.93,219.56,27.674,62.794,-1,-1,-1,-1
34,47,319.11,219.87,27.323,61.997,-1,-1,-1,-1
35,47,314.21,220.21,26.965,61.187,-1,-1,-1,-1
36,47,309.34,220.58,26.615,60.394,-1,-1,-1,-1
37,47,304.62,220.97,26.326,59.738,-1,-1,-1,-1
38,47,300.3,221.36,26.262,59.594,-1,-1,-1,-1
39,47,297.01,221.7,26.821,60.861,-1,-1,-1,-1
40,47,294.23,221.83,27.652,62.745,-1,-1,-1,-1
41,47,291.92,221.38,28.631,64.963,-1,-1,-1,-1
42,47,290.58,219.54,29.68,67.345,-1,-1,-1,-1
43,47,292.17,219.16,28.753,65.24,-1,-1,-1,-1
44,47,290.95,219.18,28.031,63.604,-1,-1,-1,-1
45,47,289.6,219.45,26.964,61.184,-1,-1,-1,-1
46,47,290.56,217.71,27.279,61.898,-1,-1,-1,-1
47,47,291,219.8,26.465,60.054,-1,-1,-1,-1
48,47,291.06,220.16,26.594,60.345,-1,-1,-1,-1
49,47,290.74,219.04,27.881,63.263,-1,-1,-1,-1
50,47,289.96,217.9,28.781,65.304,-1,-1,-1,-1
51,47,287.95,215.67,30.137,68.381,-1,-1,-1,-1
52,47,285.93,215.7,30.278,68.702,-1,-1,-1,-1
53,47,281.77,217.78,29.554,67.058,-1,-1,-1,-1
54,47,280.95,218.11,30.537,69.29,-1,-1,-1,-1
55,47,277.82,217.49,31.247,70.901,-1,-1,-1,-1
56,47,273.33,215.45,32.26,73.201,-1,-1,-1,-1
57,47,270.26,217.59,31.359,71.156,-1,-1,-1,-1
58,47,263.14,218.16,31.104,70.577,-1,-1,-1,-1
59,47,254.74,217.43,31.491,71.456,-1,-1,-1,-1
60,47,245.72,214.7,32.906,74.667,-1,-1,-1,-1
61,47,236.38,214.98,33.418,75.829,-1,-1,-1,-1
62,47,227.44,213.53,33.54,76.108,-1,-1,-1,-1
63,47,219.9,213.77,33.53,76.084,-1,-1,-1,-1
64,47,211.2,215.78,33.517,76.056,-1,-1,-1,-1
65,47,203.55,216.36,33.655,76.368,-1,-1,-1,-1
66,47,194.24,215.87,34.276,77.777,-1,-1,-1,-1
67,47,183.94,213.72,36.092,81.9,-1,-1,-1,-1
68,47,172.7,210.47,37.065,84.11,-1,-1,-1,-1
69,47,165.3,207.85,38.213,86.714,-1,-1,-1,-1
70,47,159.99,206.51,38.816,88.083,-1,-1,-1,-1
71,47,157.01,208.24,37.784,85.743,-1,-1,-1,-1
72,47,153.79,207.49,38.42,87.188,-1,-1,-1,-1
73,47,152.06,203.41,41.451,94.069,-1,-1,-1,-1
74,47,149.84,206.7,41.265,93.645,-1,-1,-1,-1
75,47,145.46,206.69,42.367,96.149,-1,-1,-1,-1
76,47,139.76,209.83,41.582,94.366,-1,-1,-1,-1
77,47,133.51,206.04,43.035,97.668,-1,-1,-1,-1
78,47,127.72,204.17,43.803,99.414,-1,-1,-1,-1
79,47,122.99,202.03,44.946,102.01,-1,-1,-1,-1
80,47,120.91,197.08,47.944,108.8,-1,-1,-1,-1
81,47,116.75,189.27,50.994,115.72,-1,-1,-1,-1
82,47,111.72,186.75,52.224,118.51,-1,-1,-1,-1
83,47,108.72,186.79,53.056,120.4,-1,-1,-1,-1
84,47,104.74,189.46,54.293,123.2,-1,-1,-1,-1
85,47,103.32,199.63,51.204,116.2,-1,-1,-1,-1
86,47,103.29,208.72,47.08,106.84,-1,-1,-1,-1
87,47,99.442,207.19,48.241,109.48,-1,-1,-1,-1
88,47,93.392,203.6,50.875,115.45,-1,-1,-1,-1
89,47,86.73,202.8,52.22,118.5,-1,-1,-1,-1
90,47,79.883,203.18,52.974,120.21,-1,-1,-1,-1
91,47,72.962,204.01,53.509,121.42,-1,-1,-1,-1
92,47,66.003,204.98,53.982,122.5,-1,-1,-1,-1
93,47,59.03,206,54.444,123.54,-1,-1,-1,-1
94,47,52.063,207.02,54.901,124.58,-1,-1,-1,-1
95,47,45.135,208.03,55.352,125.6,-1,-1,-1,-1
96,47,38.299,208.97,55.818,126.66,-1,-1,-1,-1
97,47,31.671,209.63,56.399,127.98,-1,-1,-1,-1
98,47,25.528,209.45,57.398,130.25,-1,-1,-1,-1
99,47,20.628,207.02,59.527,135.08,-1,-1,-1,-1
100,47,15.72,204.25,61.926,140.52,-1,-1,-1,-1
22,51,384.52,220.75,29.37,66.641,-1,-1,-1,-1
23,51,380.76,215.44,32.136,72.921,-1,-1,-1,-1
24,51,376.8,214.67,32.533,73.819,-1,-1,-1,-1
25,51,374.76,217.81,30.808,69.903,-1,-1,-1,-1
26,51,372.23,221.29,29.01,65.823,-1,-1,-1,-1
27,51,368.28,222.49,28.373,64.377,-1,-1,-1,-1
28,51,362.98,222.57,28.291,64.191,-1,-1,-1,-1
29,51,355.04,221.64,28.67,65.052,-1,-1,-1,-1
30,51,349.56,218.73,29.919,67.885,-1,-1,-1,-1
31,51,345.18,214.45,32.284,73.255,-1,-1,-1,-1
32,51,341.17,213.76,32.386,73.49,-1,-1,-1,-1
33,51,339.49,215.9,30.383,68.95,-1,-1,-1,-1
34,51,331.47,216.94,29.441,66.806,-1,-1,-1,-1
35,51,324.28,215.1,30.323,68.805,-1,-1,-1,-1
36,51,320.09,214.35,30.716,69.696,-1,-1,-1,-1
37,51,314.77,214.07,30.863,70.029,-1,-1,-1,-1
38,51,307.99,214.03,30.896,70.104,-1,-1,-1,-1
39,51,300.68,214.2,30.821,69.934,-1,-1,-1,-1
40,51,293.25,214.84,30.49,69.183,-1,-1,-1,-1
41,51,285.95,216.65,29.528,66.999,-1,-1,-1,-1
42,51,278.85,218.55,28.547,64.773,-1,-1,-1,-1
43,51,272.16,219.52,28.205,63.997,-1,-1,-1,-1
44,51,268.12,220.35,28.32,64.257,-1,-1,-1,-1
45,51,262.52,217.54,29.29,66.459,-1,-1,-1,-1
46,51,254.58,211.94,32.381,73.476,-1,-1,-1,-1
47,51,245.71,203.72,37.5,85.094,-1,-1,-1,-1
48,51,238.11,203.2,38.418,87.179,-1,-1,-1,-1
49,51,231.03,205.68,37.649,85.434,-1,-1,-1,-1
50,51,224.09,209.17,36.311,82.397,-1,-1,-1,-1
51,51,217.14,212.92,34.722,78.789,-1,-1,-1,-1
52,51,210.13,216.66,32.769,74.356,-1,-1,-1,-1
53,51,202.88,219.96,30.093,68.283,-1,-1,-1,-1
54,51,193.62,218.89,30.326,68.81,-1,-1,-1,-1
55,51,183.39,216.81,31.281,70.979,-1,-1,-1,-1
56,51,172.45,216.4,31.241,70.891,-1,-1,-1,-1
57,51,160.05,221.37,28.023,63.59,-1,-1,-1,-1
58,51,143.85,221.51,27.863,63.228,-1,-1,-1,-1
59,51,126.17,219.69,28.974,65.747,-1,-1,-1,-1
60,51,108,217.23,30.483,69.172,-1,-1,-1,-1
61,51,89.824,214.77,31.966,72.536,-1,-1,-1,-1
62,51,72.106,212.88,33.017,74.921,-1,-1,-1,-1
63,51,55.716,212.61,32.873,74.592,-1,-1,-1,-1
64,51,39.936,212.95,32.292,73.273,-1,-1,-1,-1
65,51,24.65,213.46,31.599,71.7,-1,-1,-1,-1
66,51,10.277,214,30.915,70.147,-1,-1,-1,-1
1,56,388.83,147,94.56,214.57,-1,-1,-1,-1
2,56,388.8,146.98,94.573,214.6,-1,-1,-1,-1
3,56,388.92,146.94,94.593,214.65,-1,-1,-1,-1
4,56,389.31,146.88,94.602,214.67,-1,-1,-1,-1
5,56,390.41,146.84,94.531,214.51,-1,-1,-1,-1
6,56,393.39,146.91,94.174,213.7,-1,-1,-1,-1
7,56,401.26,147.31,93.064,211.18,-1,-1,-1,-1
8,56,406.75,148.13,90.354,205.03,-1,-1,-1,-1
9,56,408.45,147.25,92.961,210.94,-1,-1,-1,-1
10,56,415,146.94,93.676,212.57,-1,-1,-1,-1
11,56,419.12,147.29,92.87,210.74,-1,-1,-1,-1
12,56,424.64,148.05,90.265,204.83,-1,-1,-1,-1
13,56,430.99,146.49,93.343,211.81,-1,-1,-1,-1
14,56,435.16,143.61,95.914,217.65,-1,-1,-1,-1
15,56,441.39,136.74,100.37,227.75,-1,-1,-1,-1
16,56,445.67,137.79,100.16,227.28,-1,-1,-1,-1
17,56,448.23,128.41,106.62,241.95,-1,-1,-1,-1
18,56,455.37,128.23,105.23,238.8,-1,-1,-1,-1
19,56,458.28,126.99,104.48,237.08,-1,-1,-1,-1
20,56,459.58,122.74,104.22,236.51,-1,-1,-1,-1
21,56,460.51,127.09,104.38,236.87,-1,-1,-1,-1
22,56,462.07,128.42,105.04,238.37,-1,-1,-1,-1
23,56,466.06,128.57,106.42,241.48,-1,-1,-1,-1
24,56,474.2,137.36,100.37,227.76,-1,-1,-1,-1
25,56,479.62,133.92,102.43,232.43,-1,-1,-1,-1
26,56,488.55,133.78,103.46,234.77,-1,-1,-1,-1
27,56,494,136.95,104.36,236.81,-1,-1,-1,-1
28,56,501.2,130.11,106.41,241.46,-1,-1,-1,-1
29,56,501.31,122.41,111.7,253.48,-1,-1,-1,-1
30,56,520.76,123.36,111.46,252.93,-1,-1,-1,-1
31,56,533.05,121.19,113.08,256.61,-1,-1,-1,-1
8,57,375.87,183.01,57.215,129.83,-1,-1,-1,-1
9,57,377.19,179.29,59.374,134.73,-1,-1,-1,-1
10,57,378.33,175.47,61.683,139.97,-1,-1,-1,-1
11,57,378.1,173.08,63.451,143.98,-1,-1,-1,-1
12,57,376.16,169.52,66.657,151.26,-1,-1,-1,-1
13,57,376.09,168.39,67.666,153.55,-1,-1,-1,-1
14,57,377.65,168.14,67.851,153.97,-1,-1,-1,-1
15,57,382.04,167.67,68.131,154.61,-1,-1,-1,-1
16,57,387.66,165.46,69.712,158.19,-1,-1,-1,-1
17,57,394.18,158.38,75.008,170.21,-1,-1,-1,-1
18,57,399.69,149.7,81.619,185.22,-1,-1,-1,-1
19,57,401.32,141.24,88.352,200.49,-1,-1,-1,-1
20,57,392.28,134.9,94.269,213.91,-1,-1,-1,-1
21,57,401.31,131.7,98.787,224.16,-1,-1,-1,-1
22,57,402.52,130.48,101.2,229.64,-1,-1,-1,-1
23,57,401.56,129.93,102.86,233.4,-1,-1,-1,-1
24,57,402.07,129.64,104.16,236.35,-1,-1,-1,-1
25,57,409.29,129.88,104.77,237.76,-1,-1,-1,-1
26,57,425.13,138.36,100.61,228.31,-1,-1,-1,-1
27,57,435.68,131.11,101.36,230.02,-1,-1,-1,-1
28,57,443.77,118.75,105.52,239.45,-1,-1,-1,-1
29,57,449.95,107.27,114.61,260.07,-1,-1,-1,-1
30,57,452.45,94.486,125.8,285.47,-1,-1,-1,-1
31,57,445.72,76.732,138.53,314.35,-1,-1,-1,-1
1,58,446.83,129.64,104.35,236.79,-1,-1,-1,-1
2,58,452.59,128.27,105.6,239.64,-1,-1,-1,-1
3,58,451.34,125.33,108.31,245.78,-1,-1,-1,-1
4,58,457.9,128.3,105.04,238.37,-1,-1,-1,-1
5,58,463.02,130.37,102.13,231.75,-1,-1,-1,-1
6,58,471.52,133,97.175,220.51,-1,-1,-1,-1
7,58,474.66,133.11,97.094,220.32,-1,-1,-1,-1
8,58,475.69,131.07,101.58,230.51,-1,-1,-1,-1
9,58,476.99,130.95,102.92,233.54,-1,-1,-1,-1
10,58,480.07,132.99,102.09,231.67,-1,-1,-1,-1
11,58,487.63,138.41,99.01,224.67,-1,-1,-1,-1
12,58,490.87,132.61,102.69,233.03,-1,-1,-1,-1
13,58,492.93,128.85,105.56,239.53,-1,-1,-1,-1
14,58,496.11,123.95,109.96,249.52,-1,-1,-1,-1
15,58,499.61,123.35,110.24,250.16,-1,-1,-1,-1
16,58,506.93,126.46,106.67,242.06,-1,-1,-1,-1
17,58,513.5,126.41,105.45,239.28,-1,-1,-1,-1
18,58,524.82,134.4,96.547,219.09,-1,-1,-1,-1
19,58,528.94,123.97,101.81,231.03,-1,-1,-1,-1
20,58,532.47,120.23,103.04,233.83,-1,-1,-1,-1
21,58,528.82,123.34,102.84,233.38,-1,-1,-1,-1
22,58,535.33,125.13,103.07,233.89,-1,-1,-1,-1
23,58,545.56,126.83,103.64,235.19,-1,-1,-1,-1
24,58,555.89,128.63,104.72,237.63,-1,-1,-1,-1
25,58,565.85,128.42,107.1,243.03,-1,-1,-1,-1
350,62,65.713,228.72,26.063,59.143,-1,-1,-1,-1
351,62,62.835,227.71,26.575,60.305,-1,-1,-1,-1
352,62,59.392,226.52,27.17,61.654,-1,-1,-1,-1
353,62,55.747,225.29,27.773,63.022,-1,-1,-1,-1
354,62,52.041,224.06,28.359,64.351,-1,-1,-1,-1
355,62,48.331,222.83,28.931,65.648,-1,-1,-1,-1
356,62,44.637,221.51,29.545,67.039,-1,-1,-1,-1
357,62,40.943,219.84,30.396,68.971,-1,-1,-1,-1
358,62,37.19,217.06,32.014,72.642,-1,-1,-1,-1
359,62,33.33,211.53,35.54,80.645,-1,-1,-1,-1
360,62,30.035,206.38,38.89,88.249,-1,-1,-1,-1
361,62,28.598,205.29,39.691,90.069,-1,-1,-1,-1
362,62,27.607,207.21,38.707,87.836,-1,-1,-1,-1
363,62,25.951,213.75,35.225,79.932,-1,-1,-1,-1
364,62,25.219,216.64,33.776,76.644,-1,-1,-1,-1
365,62,24.75,218.91,32.802,74.431,-1,-1,-1,-1
366,62,24.258,223.18,30.989,70.314,-1,-1,-1,-1
367,62,25.062,226.26,29.635,67.238,-1,-1,-1,-1
368,62,28.975,227.05,29.347,66.585,-1,-1,-1,-1
369,62,34.088,226.97,29.448,66.815,-1,-1,-1,-1
370,62,39.681,226.62,29.649,67.272,-1,-1,-1,-1
371,62,45.463,226.22,29.849,67.725,-1,-1,-1,-1
372,62,51.302,225.82,30.017,68.107,-1,-1,-1,-1
373,62,57.085,225.44,30.155,68.422,-1,-1,-1,-1
374,62,62.606,225.01,30.318,68.792,-1,-1,-1,-1
375,62,67.334,224.28,30.716,69.695,-1,-1,-1,-1
376,62,69.873,222.48,31.951,72.495,-1,-1,-1,-1
377,62,66.676,217.87,35.408,80.333,-1,-1,-1,-1
378,62,69.984,210.3,40.308,91.466,-1,-1,-1,-1
379,62,71.968,210.72,40.169,91.148,-1,-1,-1,-1
380,62,81.395,206.14,42.814,97.163,-1,-1,-1,-1
381,62,86.435,204.51,43.719,99.221,-1,-1,-1,-1
382,62,85.028,204.04,43.925,99.691,-1,-1,-1,-1
383,62,82.652,203.98,43.908,99.653,-1,-1,-1,-1
384,62,83.863,204.02,43.845,99.508,-1,-1,-1,-1
385,62,86.304,204.06,43.805,99.419,-1,-1,-1,-1
386,62,88.831,203.98,43.892,99.615,-1,-1,-1,-1
387,62,90.365,203.49,44.376,100.71,-1,-1,-1,-1
388,62,88.859,201.94,45.885,104.13,-1,-1,-1,-1
389,62,86.506,200.21,47.528,107.86,-1,-1,-1,-1
390,62,84.668,199.02,48.527,110.12,-1,-1,-1,-1
391,62,81.536,197.21,49.847,113.12,-1,-1,-1,-1
392,62,82.332,200.74,48.028,108.99,-1,-1,-1,-1
393,62,83.114,202.95,46.805,106.22,-1,-1,-1,-1
394,62,79.972,195.98,50.409,114.39,-1,-1,-1,-1
395,62,78.562,191.69,52.713,119.62,-1,-1,-1,-1
396,62,77.465,185.75,56.036,127.16,-1,-1,-1,-1
397,62,76.926,182.07,58.121,131.89,-1,-1,-1,-1
398,62,76.327,176.79,61.195,138.86,-1,-1,-1,-1
399,62,78.603,175.91,61.896,140.46,-1,-1,-1,-1
400,62,86.04,178.64,60.852,138.09,-1,-1,-1,-1
401,62,86.886,187.39,57.272,129.96,-1,-1,-1,-1
402,62,84.675,195.55,54.303,123.22,-1,-1,-1,-1
403,62,79.987,196.08,55.542,126.04,-1,-1,-1,-1
404,62,77.576,198.47,56.506,128.22,-1,-1,-1,-1
405,62,74.786,195.53,58.648,133.08,-1,-1,-1,-1
406,62,68.391,183.34,64.978,147.45,-1,-1,-1,-1
407,62,55.456,168.77,75.584,171.52,-1,-1,-1,-1
408,62,52.92,163.44,79.632,180.7,-1,-1,-1,-1
409,62,45.853,161.15,81.922,185.91,-1,-1,-1,-1
410,62,38.653,158.35,85.871,194.87,-1,-1,-1,-1
411,62,31.54,158.34,88.588,201.04,-1,-1,-1,-1
412,62,24.596,160,89.8,203.79,-1,-1,-1,-1
413,62,18.166,164.09,87.539,198.64,-1,-1,-1,-1
414,62,25.398,184.66,78.145,177.32,-1,-1,-1,-1
415,62,25.707,190.91,75.14,170.5,-1,-1,-1,-1
416,62,18.867,187.88,76.565,173.73,-1,-1,-1,-1
417,62,8.9612,172.33,84.044,190.71,-1,-1,-1,-1
418,62,-0.85232,155.62,92.849,210.69,-1,-1,-1,-1
404,63,128.84,206.53,34.082,77.338,-1,-1,-1,-1
405,63,130.2,205,35.717,81.049,-1,-1,-1,-1
406,63,132.87,204.99,35.918,81.506,-1,-1,-1,-1
407,63,133.37,206.19,35.144,79.749,-1,-1,-1,-1
408,63,133.66,205.53,36.947,83.841,-1,-1,-1,-1
409,63,133.76,204.41,39.419,89.452,-1,-1,-1,-1
410,63,133.58,203.95,41.147,93.377,-1,-1,-1,-1
411,63,133.31,203.74,42.496,96.442,-1,-1,-1,-1
412,63,132.97,203.53,43.59,98.93,-1,-1,-1,-1
413,63,132.49,202.95,44.371,100.7,-1,-1,-1,-1
414,63,131.17,200.97,46.009,104.41,-1,-1,-1,-1
415,63,129.51,198.54,47.969,108.86,-1,-1,-1,-1
416,63,127.71,196.24,49.922,113.29,-1,-1,-1,-1
417,63,125.89,194.88,51.486,116.83,-1,-1,-1,-1
418,63,124.08,196.15,51.931,117.84,-1,-1,-1,-1
419,63,120.34,201.02,51.957,117.9,-1,-1,-1,-1
420,63,118.8,205.95,51.919,117.82,-1,-1,-1,-1
421,63,117.73,207.42,52.146,118.33,-1,-1,-1,-1
422,63,115.81,206.37,53.316,120.99,-1,-1,-1,-1
423,63,110.98,201.42,56.905,129.13,-1,-1,-1,-1
424,63,104.89,195.77,60.612,137.54,-1,-1,-1,-1
425,63,101,193.99,61.766,140.16,-1,-1,-1,-1
426,63,95.12,193.64,62.094,140.9,-1,-1,-1,-1
427,63,90.89,193.2,62.95,142.85,-1,-1,-1,-1
428,63,83.504,190.96,66.34,150.54,-1,-1,-1,-1
429,63,74.385,184.17,76.078,172.64,-1,-1,-1,-1
430,63,69.268,177.22,80.423,182.5,-1,-1,-1,-1
431,63,62.919,174.92,83.943,190.49,-1,-1,-1,-1
432,63,57.094,174.21,83.29,189,-1,-1,-1,-1
433,63,49.723,172.5,87.007,197.44,-1,-1,-1,-1
434,63,41.827,167.96,91.377,207.35,-1,-1,-1,-1
435,63,36.074,170.3,91.79,208.29,-1,-1,-1,-1
436,63,28.686,166.49,98.613,223.77,-1,-1,-1,-1
437,63,22.794,169.15,98.293,223.05,-1,-1,-1,-1
438,63,14.352,164.27,102.3,232.14,-1,-1,-1,-1
439,63,8.6348,162.58,103.78,235.5,-1,-1,-1,-1
440,63,-0.21959,162.05,104.52,237.18,-1,-1,-1,-1
