785,3,165.35,112.95,104.69,237.56,-1,-1,-1,-1
786,3,151.5,110.72,106.25,241.11,-1,-1,-1,-1
787,3,155.85,114.11,105.57,239.56,-1,-1,-1,-1
788,3,143.92,114.85,104.6,237.36,-1,-1,-1,-1
789,3,126.74,114.94,103.61,235.13,-1,-1,-1,-1
790,3,111.71,115.14,103.05,233.84,-1,-1,-1,-1
791,3,99.413,114.49,103.36,234.54,-1,-1,-1,-1
792,3,86.643,106.1,116.29,263.88,-1,-1,-1,-1
793,3,89.085,109.31,116.94,265.37,-1,-1,-1,-1
794,3,88.802,111.03,118.76,269.48,-1,-1,-1,-1
769,4,172.81,158.13,53.532,121.48,-1,-1,-1,-1
770,4,168.98,150.17,58.504,132.76,-1,-1,-1,-1
771,4,164.14,148.46,58.802,133.43,-1,-1,-1,-1
772,4,158.77,145.69,61.481,139.51,-1,-1,-1,-1
773,4,151.76,143.64,63.376,143.81,-1,-1,-1,-1
774,4,146.01,140.02,66.616,151.17,-1,-1,-1,-1
775,4,142.27,140.23,67.699,153.63,-1,-1,-1,-1
776,4,136.54,143.9,68.211,154.79,-1,-1,-1,-1
777,4,132.7,143.71,69.51,157.73,-1,-1,-1,-1
778,4,126.56,138.7,73.564,166.93,-1,-1,-1,-1
779,4,123.39,132.77,77.382,175.6,-1,-1,-1,-1
780,4,119.92,127.21,81.119,184.08,-1,-1,-1,-1
781,4,115.55,122.86,86.821,197.01,-1,-1,-1,-1
782,4,109.23,119.12,92.823,210.63,-1,-1,-1,-1
783,4,99.046,117.19,96.406,218.76,-1,-1,-1,-1
784,4,89.398,114.09,102.04,231.54,-1,-1,-1,-1
785,4,77.131,111.83,104.92,238.09,-1,-1,-1,-1
786,4,65.514,106.98,108.94,247.2,-1,-1,-1,-1
787,4,53.921,103.62,110.15,249.96,-1,-1,-1,-1
788,4,34.218,85.834,120.95,274.45,-1,-1,-1,-1
789,4,14.261,74.283,127.56,289.45,-1,-1,-1,-1
790,4,-7.6202,55.654,138.17,313.54,-1,-1,-1,-1
791,4,-30.911,34.477,150.53,341.57,-1,-1,-1,-1
792,4,-53.029,12.99,163.88,371.87,-1,-1,-1,-1
747,5,96.375,140.26,66.039,149.85,-1,-1,-1,-1
748,5,88.228,138.51,67.4,152.94,-1,-1,-1,-1
749,5,78.728,136.47,68.994,156.55,-1,-1,-1,-1
750,5,69.323,134.43,70.58,160.15,-1,-1,-1,-1
751,5,61.561,132.67,71.913,163.18,-1,-1,-1,-1
752,5,58.622,131.82,72.483,164.47,-1,-1,-1,-1
753,5,58.996,131.65,72.483,164.48,-1,-1,-1,-1
754,5,64.468,132.66,71.526,162.31,-1,-1,-1,-1
755,5,71.875,134.07,70.243,159.4,-1,-1,-1,-1
756,5,79.998,135.58,68.884,156.31,-1,-1,-1,-1
757,5,88.38,137.1,67.525,153.23,-1,-1,-1,-1
758,5,96.85,138.6,66.18,150.18,-1,-1,-1,-1
759,5,105.34,140.09,64.847,147.15,-1,-1,-1,-1
760,5,113.82,141.58,63.522,144.14,-1,-1,-1,-1
761,5,122.23,143.07,62.2,141.14,-1,-1,-1,-1
762,5,130.46,144.61,60.872,138.13,-1,-1,-1,-1
763,5,138.22,146.28,59.509,135.04,-1,-1,-1,-1
764,5,144.75,148.3,58.034,131.69,-1,-1,-1,-1
765,5,148.07,151.23,56.281,127.71,-1,-1,-1,-1
766,5,142.92,156.33,53.982,122.49,-1,-1,-1,-1
767,5,129.79,155.83,54.472,123.61,-1,-1,-1,-1
768,5,117.25,162.63,52.137,118.31,-1,-1,-1,-1
769,5,107.66,161.72,51.734,117.4,-1,-1,-1,-1
770,5,99.423,158.67,52.055,118.13,-1,-1,-1,-1
771,5,87.94,152.31,53.282,120.91,-1,-1,-1,-1
772,5,77.78,144.3,56.658,128.57,-1,-1,-1,-1
773,5,68.453,140.12,59.411,134.81,-1,-1,-1,-1
774,5,64.183,141.77,57.908,131.4,-1,-1,-1,-1
775,5,55.822,143.9,57.753,131.05,-1,-1,-1,-1
776,5,43.671,139.79,59.525,135.07,-1,-1,-1,-1
777,5,32.701,133.51,64.862,147.19,-1,-1,-1,-1
778,5,26.363,135.93,65.157,147.86,-1,-1,-1,-1
779,5,25.15,141.9,63.283,143.6,-1,-1,-1,-1
780,5,23.262,145.23,62.104,140.93,-1,-1,-1,-1
781,5,18.774,149.19,60.478,137.24,-1,-1,-1,-1
782,5,13.46,153.24,58.714,133.23,-1,-1,-1,-1
783,5,8.2921,156.93,56.942,129.21,-1,-1,-1,-1
760,7,126.41,186.25,27.342,62.044,-1,-1,-1,-1
761,7,124.71,179.64,30.984,70.308,-1,-1,-1,-1
762,7,125.27,178.04,30.865,70.034,-1,-1,-1,-1
763,7,124.36,179.22,30.115,68.331,-1,-1,-1,-1
764,7,122.83,181.1,29.364,66.628,-1,-1,-1,-1
765,7,120.95,182.37,29.137,66.111,-1,-1,-1,-1
766,7,118.72,181.38,30.283,68.712,-1,-1,-1,-1
741,8,58.787,113.05,104.25,236.58,-1,-1,-1,-1
742,8,55.809,109.84,105.82,240.12,-1,-1,-1,-1
743,8,52.405,106.02,107.67,244.33,-1,-1,-1,-1
744,8,49.302,102.23,109.49,248.45,-1,-1,-1,-1
745,8,47.639,99.403,110.66,251.1,-1,-1,-1,-1
746,8,50.148,99.766,109.61,248.71,-1,-1,-1,-1
747,8,63.586,108.48,102.78,233.23,-1,-1,-1,-1
748,8,80.393,121.39,94.433,214.28,-1,-1,-1,-1
749,8,86.077,121.04,90.59,205.56,-1,-1,-1,-1
750,8,85.567,114.93,94.828,215.18,-1,-1,-1,-1
751,8,85.573,103.73,101.03,229.27,-1,-1,-1,-1
752,8,79.446,99.412,103.21,234.22,-1,-1,-1,-1
753,8,76.986,97.406,103.76,235.45,-1,-1,-1,-1
754,8,75.244,94.574,104.22,236.5,-1,-1,-1,-1
755,8,71.857,86.684,106.3,241.21,-1,-1,-1,-1
756,8,62.937,80.721,113.09,256.62,-1,-1,-1,-1
757,8,51.233,66.146,122.1,277.07,-1,-1,-1,-1
758,8,38.262,59.079,126.47,286.99,-1,-1,-1,-1
759,8,29.587,51.237,131.65,298.74,-1,-1,-1,-1
701,10,57.418,158.9,88.987,201.93,-1,-1,-1,-1
702,10,44.422,150.19,96.082,218.03,-1,-1,-1,-1
703,10,32.152,163.86,93.595,212.38,-1,-1,-1,-1
704,10,13.215,163.46,100.81,228.76,-1,-1,-1,-1
705,10,-4.9743,164.33,105.13,238.56,-1,-1,-1,-1
706,10,-24.848,166.52,111.58,253.2,-1,-1,-1,-1
707,10,-41.953,166.1,118.78,269.56,-1,-1,-1,-1
630,11,252.1,113.77,104.42,236.94,-1,-1,-1,-1
631,11,252.47,113.32,105.2,238.72,-1,-1,-1,-1
632,11,265.8,113.59,104.4,236.91,-1,-1,-1,-1
633,11,277.04,113.57,103.88,235.72,-1,-1,-1,-1
634,11,288.98,112.95,103.2,234.18,-1,-1,-1,-1
635,11,305.79,111.3,101.68,230.74,-1,-1,-1,-1
636,11,315.53,107.31,101.31,229.89,-1,-1,-1,-1
637,11,306.96,99.126,104.45,237.03,-1,-1,-1,-1
638,11,294.36,92.261,107.5,243.95,-1,-1,-1,-1
639,11,288.05,93.638,106.66,242.04,-1,-1,-1,-1
640,11,284.33,98.587,104.1,236.22,-1,-1,-1,-1
641,11,281.26,105.19,100.76,228.64,-1,-1,-1,-1
642,11,278.59,112.92,96.882,219.85,-1,-1,-1,-1
643,11,275.76,119.44,93.662,212.54,-1,-1,-1,-1
644,11,275.3,126.6,90.255,204.8,-1,-1,-1,-1
645,11,272.14,123.14,92.386,209.64,-1,-1,-1,-1
646,11,268.28,125.25,91.98,208.72,-1,-1,-1,-1
647,11,264.04,129.51,90.47,205.3,-1,-1,-1,-1
648,11,259.07,134.02,88.754,201.41,-1,-1,-1,-1
649,11,252.26,137.06,87.585,198.76,-1,-1,-1,-1
650,11,240.79,135.69,88.036,199.78,-1,-1,-1,-1
651,11,238.44,135.35,87.42,198.38,-1,-1,-1,-1
652,11,239.62,135.47,86.347,195.94,-1,-1,-1,-1
653,11,242.14,135.75,85.118,193.15,-1,-1,-1,-1
654,11,245.18,136.09,83.839,190.25,-1,-1,-1,-1
655,11,248.46,136.52,82.494,187.2,-1,-1,-1,-1
656,11,252,137.27,80.948,183.69,-1,-1,-1,-1
657,11,256.04,138.8,78.891,179.02,-1,-1,-1,-1
658,11,261.16,142.03,75.82,172.05,-1,-1,-1,-1
659,11,266.76,135.59,75.772,171.94,-1,-1,-1,-1
660,11,267.44,136.24,78.567,178.29,-1,-1,-1,-1
661,11,267.69,136.45,79.676,180.8,-1,-1,-1,-1
662,11,267.83,136.62,80.026,181.6,-1,-1,-1,-1
663,11,267.95,136.76,80.111,181.79,-1,-1,-1,-1
664,11,268.09,136.85,80.131,181.84,-1,-1,-1,-1
665,11,268.4,136.98,80.115,181.8,-1,-1,-1,-1
666,11,269.24,137.42,79.921,181.36,-1,-1,-1,-1
667,11,271.58,138.88,79.116,179.53,-1,-1,-1,-1
668,11,277.81,143.01,76.735,174.12,-1,-1,-1,-1
669,11,283.66,147.07,74.47,168.98,-1,-1,-1,-1
670,11,287.52,149.62,73.336,166.4,-1,-1,-1,-1
671,11,289,150.04,73.805,167.47,-1,-1,-1,-1
672,11,285.21,150.15,74.058,168.04,-1,-1,-1,-1
673,11,283.41,150.16,74.255,168.49,-1,-1,-1,-1
674,11,281.74,149.91,74.733,169.58,-1,-1,-1,-1
675,11,278.47,148.95,76.145,172.78,-1,-1,-1,-1
676,11,274.63,147.77,77.879,176.72,-1,-1,-1,-1
677,11,270.71,146.7,79.544,180.5,-1,-1,-1,-1
678,11,267.19,146.31,80.608,182.92,-1,-1,-1,-1
679,11,264.94,147.8,79.959,181.45,-1,-1,-1,-1
680,11,259.94,148.8,78.556,178.27,-1,-1,-1,-1
681,11,259.57,149.09,76.591,173.8,-1,-1,-1,-1
682,11,260.96,148.3,74.838,169.82,-1,-1,-1,-1
683,11,263.03,145.08,74.212,168.39,-1,-1,-1,-1
684,11,261.34,141.22,74.168,168.29,-1,-1,-1,-1
685,11,260.86,139.26,74.254,168.49,-1,-1,-1,-1
686,11,261.16,137.35,74.456,168.95,-1,-1,-1,-1
687,11,262.56,133.68,74.917,169.99,-1,-1,-1,-1
688,11,261.7,131.86,74.999,170.18,-1,-1,-1,-1
689,11,259.99,130.75,74.927,170.01,-1,-1,-1,-1
690,11,257.95,129.9,74.806,169.74,-1,-1,-1,-1
691,11,255.79,129.15,74.674,169.44,-1,-1,-1,-1
692,11,253.62,128.41,74.544,169.14,-1,-1,-1,-1
693,11,251.53,127.67,74.416,168.86,-1,-1,-1,-1
694,11,249.72,126.89,74.29,168.57,-1,-1,-1,-1
652,13,197.5,249.16,46.374,105.24,-1,-1,-1,-1
653,13,184.68,257.92,42.963,97.497,-1,-1,-1,-1
654,13,178.79,257.66,44.223,100.36,-1,-1,-1,-1
655,13,175.35,255.37,46.778,106.15,-1,-1,-1,-1
656,13,172.39,256.35,48.272,109.55,-1,-1,-1,-1
657,13,174.94,254.41,50.345,114.25,-1,-1,-1,-1
658,13,179.61,251.37,52.587,119.33,-1,-1,-1,-1
659,13,185.27,248.2,54.55,123.79,-1,-1,-1,-1
660,13,191.85,245.95,55.304,125.5,-1,-1,-1,-1
661,13,200.15,246.54,52.792,119.8,-1,-1,-1,-1
662,13,202.95,245.41,50.395,114.36,-1,-1,-1,-1
663,13,202.91,249.2,45.937,104.25,-1,-1,-1,-1
664,13,205.12,249.65,44.936,101.98,-1,-1,-1,-1
665,13,208.11,248.69,45.321,102.86,-1,-1,-1,-1
666,13,211.32,247.2,46.134,104.7,-1,-1,-1,-1
667,13,214.33,245.32,46.985,106.63,-1,-1,-1,-1
668,13,216.47,242.68,47.663,108.16,-1,-1,-1,-1
669,13,216.13,238.02,47.879,108.66,-1,-1,-1,-1
670,13,212.96,234.62,47.922,108.75,-1,-1,-1,-1
671,13,211.78,236.04,47.916,108.74,-1,-1,-1,-1
672,13,211.39,239.22,47.904,108.71,-1,-1,-1,-1
673,13,211.4,242.89,47.896,108.69,-1,-1,-1,-1
674,13,211.83,246.27,47.892,108.68,-1,-1,-1,-1
675,13,213.12,248.33,47.89,108.68,-1,-1,-1,-1
676,13,216.54,246.71,47.89,108.68,-1,-1,-1,-1
569,16,207.2,116.92,67.901,154.09,-1,-1,-1,-1
570,16,207.76,119.89,66.767,151.51,-1,-1,-1,-1
571,16,208.38,123.43,65.439,148.5,-1,-1,-1,-1
572,16,208.99,127.14,64.074,145.4,-1,-1,-1,-1
573,16,209.6,130.9,62.713,142.31,-1,-1,-1,-1
574,16,210.2,134.67,61.362,139.24,-1,-1,-1,-1
575,16,210.8,138.45,60.013,136.19,-1,-1,-1,-1
576,16,211.4,142.23,58.661,133.12,-1,-1,-1,-1
577,16,212.01,146.05,57.298,130.02,-1,-1,-1,-1
578,16,212.59,149.9,55.933,126.93,-1,-1,-1,-1
579,16,213.11,153.8,54.617,123.94,-1,-1,-1,-1
580,16,213.39,157.69,53.53,121.47,-1,-1,-1,-1
581,16,212.98,161.47,53.136,120.58,-1,-1,-1,-1
582,16,210.88,165.12,54.399,123.44,-1,-1,-1,-1
583,16,211.52,176.53,52.586,119.33,-1,-1,-1,-1
584,16,208.81,178.48,52.13,118.3,-1,-1,-1,-1
585,16,203.63,176.03,53.354,121.07,-1,-1,-1,-1
586,16,194.49,170,58.129,131.91,-1,-1,-1,-1
587,16,179.6,156.2,65.646,148.97,-1,-1,-1,-1
588,16,168.09,152.07,70.309,159.55,-1,-1,-1,-1
589,16,148.22,141.99,77.222,175.24,-1,-1,-1,-1
590,16,132.14,138.96,79.509,180.43,-1,-1,-1,-1
591,16,116.32,138.87,80.408,182.47,-1,-1,-1,-1
592,16,96.297,140,82.261,186.67,-1,-1,-1,-1
593,16,76.611,130.3,87.953,199.59,-1,-1,-1,-1
594,16,57.658,121.47,93.478,212.12,-1,-1,-1,-1
595,16,41.5,116.52,97.571,221.41,-1,-1,-1,-1
534,18,61.176,147.68,79.78,181.04,-1,-1,-1,-1
535,18,68.276,146.39,78.056,177.13,-1,-1,-1,-1
536,18,76.726,144.83,76.016,172.5,-1,-1,-1,-1
537,18,85.612,143.14,73.892,167.68,-1,-1,-1,-1
538,18,94.452,141.36,71.833,163.01,-1,-1,-1,-1
539,18,102.65,139.27,70.18,159.25,-1,-1,-1,-1
540,18,108.9,136.13,69.871,158.55,-1,-1,-1,-1
541,18,109.98,130.3,73.046,165.75,-1,-1,-1,-1
542,18,109.65,127.56,75.251,170.75,-1,-1,-1,-1
543,18,107.62,125.29,78.556,178.26,-1,-1,-1,-1
544,18,105.42,124.47,79.464,180.32,-1,-1,-1,-1
545,18,100.67,123.87,79.228,179.79,-1,-1,-1,-1
546,18,101.22,121.91,78.499,178.13,-1,-1,-1,-1
547,18,101.75,112.76,83.916,190.42,-1,-1,-1,-1
548,18,101.04,109.21,85.962,195.06,-1,-1,-1,-1
549,18,98.265,107.49,86.887,197.16,-1,-1,-1,-1
550,18,90.18,104.84,88.524,200.88,-1,-1,-1,-1
551,18,81.393,97.862,93.201,211.49,-1,-1,-1,-1
552,18,69.723,99.903,96.556,219.1,-1,-1,-1,-1
553,18,58.459,97.758,102.13,231.76,-1,-1,-1,-1
554,18,46.283,97.323,104.23,236.52,-1,-1,-1,-1
555,18,37.055,98.102,105,238.27,-1,-1,-1,-1
556,18,28.571,101.48,104.25,236.56,-1,-1,-1,-1
557,18,21.684,110.85,101.62,230.58,-1,-1,-1,-1
558,18,21.294,132.85,92.829,210.65,-1,-1,-1,-1
424,23,457.61,111.28,125.58,284.95,-1,-1,-1,-1
425,23,450,97.681,125.64,285.1,-1,-1,-1,-1
426,23,438.65,85.069,125.74,285.32,-1,-1,-1,-1
427,23,424.38,97.827,125.8,285.47,-1,-1,-1,-1
428,23,412.19,91.046,125.51,284.8,-1,-1,-1,-1
429,23,390.31,97.745,123.91,281.16,-1,-1,-1,-1
430,23,376.33,106.3,118.76,269.48,-1,-1,-1,-1
431,23,374.87,104.12,105.9,240.3,-1,-1,-1,-1
432,23,355.63,94.348,111.22,252.38,-1,-1,-1,-1
433,23,333.25,83.804,120.97,274.5,-1,-1,-1,-1
434,23,319.83,79.849,124.63,282.81,-1,-1,-1,-1
435,23,310.02,78.756,125.66,285.15,-1,-1,-1,-1
436,23,301.57,78.642,125.79,285.44,-1,-1,-1,-1
437,23,293.67,78.753,125.7,285.24,-1,-1,-1,-1
438,23,286.2,78.86,125.61,285.04,-1,-1,-1,-1
439,23,279.55,78.922,125.56,284.93,-1,-1,-1,-1
440,23,273.32,78.951,125.54,284.87,-1,-1,-1,-1
441,23,267.45,78.965,125.53,284.85,-1,-1,-1,-1
442,23,262.22,78.978,125.53,284.85,-1,-1,-1,-1
443,23,252.4,79.004,125.53,284.85,-1,-1,-1,-1
444,23,248.24,79.073,125.53,284.85,-1,-1,-1,-1
445,23,245.6,79.254,125.53,284.85,-1,-1,-1,-1
446,23,241.8,79.727,125.53,284.85,-1,-1,-1,-1
447,23,233.09,80.963,125.53,284.85,-1,-1,-1,-1
448,23,229.78,84.19,125.53,284.85,-1,-1,-1,-1
449,23,228.58,92.608,125.53,284.85,-1,-1,-1,-1
450,23,228.3,95.571,125.53,284.85,-1,-1,-1,-1
451,23,228.63,96.017,125.54,284.87,-1,-1,-1,-1
452,23,229.89,94.389,125.55,284.9,-1,-1,-1,-1
453,23,233.34,89.079,125.59,284.98,-1,-1,-1,-1
454,23,242.41,93.853,125.64,285.1,-1,-1,-1,-1
455,23,247.14,94.544,125.69,285.21,-1,-1,-1,-1
456,23,252.32,92.06,125.58,284.95,-1,-1,-1,-1
457,23,263.26,84.336,124.83,283.27,-1,-1,-1,-1
458,23,271.03,83.173,122.32,277.56,-1,-1,-1,-1
459,23,283.18,87.102,115.81,262.8,-1,-1,-1,-1
460,23,287.07,87.097,115.84,262.86,-1,-1,-1,-1
461,23,286.68,83.489,122.12,277.11,-1,-1,-1,-1
462,23,287.68,86.326,123.29,279.77,-1,-1,-1,-1
463,23,291.4,99.222,119.81,271.86,-1,-1,-1,-1
464,23,300.78,114.27,109.7,248.93,-1,-1,-1,-1
465,23,279.75,92.029,119.88,272.04,-1,-1,-1,-1
466,23,271.55,83.171,124.08,281.56,-1,-1,-1,-1
467,23,268.53,80.062,125.44,284.65,-1,-1,-1,-1
468,23,267.5,79.145,125.72,285.28,-1,-1,-1,-1
469,23,267.18,78.952,125.69,285.21,-1,-1,-1,-1
470,23,267.09,78.95,125.62,285.05,-1,-1,-1,-1
471,23,267.07,78.975,125.57,284.93,-1,-1,-1,-1
472,23,267.07,78.993,125.54,284.88,-1,-1,-1,-1
473,23,267.08,79.002,125.53,284.86,-1,-1,-1,-1
474,23,267.08,79.004,125.53,284.85,-1,-1,-1,-1
475,23,267.08,78.999,125.54,284.87,-1,-1,-1,-1
476,23,267.07,78.98,125.55,284.9,-1,-1,-1,-1
477,23,267.01,78.935,125.59,284.98,-1,-1,-1,-1
478,23,266.86,78.852,125.64,285.1,-1,-1,-1,-1
479,23,266.49,78.744,125.68,285.2,-1,-1,-1,-1
480,23,265.63,78.729,125.55,284.9,-1,-1,-1,-1
481,23,263.6,79.188,124.77,283.13,-1,-1,-1,-1
482,23,258.54,81.009,122.17,277.23,-1,-1,-1,-1
483,23,252.5,83.333,118.92,269.85,-1,-1,-1,-1
484,23,246.53,85.832,115.5,262.1,-1,-1,-1,-1
485,23,241.87,88.519,112.11,254.39,-1,-1,-1,-1
437,24,547.18,88.178,132.4,300.45,-1,-1,-1,-1
438,24,540.9,93.992,127.89,290.21,-1,-1,-1,-1
439,24,536.77,94.971,126.52,287.1,-1,-1,-1,-1
440,24,532.43,96.161,125.65,285.13,-1,-1,-1,-1
441,24,522.23,95.529,124.95,283.53,-1,-1,-1,-1
442,24,515.28,93.051,123.18,279.52,-1,-1,-1,-1
443,24,504.65,105.22,118.63,269.2,-1,-1,-1,-1
444,24,495.98,106.36,119.33,270.79,-1,-1,-1,-1
445,24,488.28,103.94,121.74,276.24,-1,-1,-1,-1
446,24,481.82,102.52,123.39,280,-1,-1,-1,-1
447,24,477.93,107.24,121.54,275.79,-1,-1,-1,-1
448,24,475.52,112.9,118.99,270,-1,-1,-1,-1
449,24,474.78,114.77,118.27,268.38,-1,-1,-1,-1
450,24,477.86,105.07,123.14,279.42,-1,-1,-1,-1
451,24,479.11,103.15,125.03,283.72,-1,-1,-1,-1
452,24,479.88,107.36,125.62,285.05,-1,-1,-1,-1
453,24,480.78,101.59,125.72,285.28,-1,-1,-1,-1
454,24,482.63,99.956,125.61,285.04,-1,-1,-1,-1
455,24,487.25,100.86,125.16,284.01,-1,-1,-1,-1
456,24,491.15,102.64,124.78,283.14,-1,-1,-1,-1
457,24,495.13,109.09,122.39,277.73,-1,-1,-1,-1
458,24,495.64,128.08,115.67,262.48,-1,-1,-1,-1
459,24,493.61,133.91,114.58,259.99,-1,-1,-1,-1
460,24,487.25,132.94,117.54,266.71,-1,-1,-1,-1
461,24,488.75,148.66,110.94,251.75,-1,-1,-1,-1
462,24,485.13,147.1,114.67,260.21,-1,-1,-1,-1
463,24,481.51,142.53,119.65,271.52,-1,-1,-1,-1
464,24,477.31,138.19,123.64,280.57,-1,-1,-1,-1
465,24,471.11,137.03,123.92,281.19,-1,-1,-1,-1
466,24,464.14,137.07,122.78,278.61,-1,-1,-1,-1
467,24,456.81,137.42,121.24,275.12,-1,-1,-1,-1
468,24,449.3,137.77,119.66,271.53,-1,-1,-1,-1
469,24,441.7,138.1,118.12,268.03,-1,-1,-1,-1
470,24,434.11,138.49,116.6,264.58,-1,-1,-1,-1
471,24,426.67,139.2,115.02,261.01,-1,-1,-1,-1
472,24,419.73,140.9,113.16,256.78,-1,-1,-1,-1
473,24,414.1,145.28,110.49,250.71,-1,-1,-1,-1
474,24,411.77,156.26,106.02,240.59,-1,-1,-1,-1
475,24,408.55,159.84,105.03,238.34,-1,-1,-1,-1
476,24,404.96,160.53,105.42,239.21,-1,-1,-1,-1
477,24,401.29,160.24,106.23,241.05,-1,-1,-1,-1
478,24,397.62,159.65,107.12,243.07,-1,-1,-1,-1
479,24,393.97,158.99,108.01,245.09,-1,-1,-1,-1
480,24,390.34,158.3,108.9,247.11,-1,-1,-1,-1
481,24,386.72,157.57,109.79,249.14,-1,-1,-1,-1
482,24,383.17,156.87,110.61,251.01,-1,-1,-1,-1
483,24,379.92,156.54,111.02,251.93,-1,-1,-1,-1
484,24,377.61,157.47,110.06,249.74,-1,-1,-1,-1
485,24,377.7,161.65,105.57,239.56,-1,-1,-1,-1
302,25,-10.303,154.13,69.114,156.84,-1,-1,-1,-1
303,25,-5.3988,144.72,72.702,164.97,-1,-1,-1,-1
304,25,-2.4028,141.73,74.079,168.09,-1,-1,-1,-1
305,25,-0.092803,141.3,74.515,169.08,-1,-1,-1,-1
306,25,1.9319,141.81,74.634,169.35,-1,-1,-1,-1
307,25,3.8219,142.62,74.68,169.45,-1,-1,-1,-1
308,25,5.6448,143.51,74.729,169.57,-1,-1,-1,-1
309,25,7.4342,144.42,74.793,169.71,-1,-1,-1,-1
310,25,9.2073,145.32,74.868,169.88,-1,-1,-1,-1
311,25,10.972,146.22,74.948,170.06,-1,-1,-1,-1
312,25,12.732,147.1,75.027,170.24,-1,-1,-1,-1
313,25,14.489,147.94,75.092,170.39,-1,-1,-1,-1
314,25,16.244,148.69,75.116,170.44,-1,-1,-1,-1
315,25,17.989,149.19,75.044,170.28,-1,-1,-1,-1
316,25,19.672,148.96,74.798,169.72,-1,-1,-1,-1
317,25,20.933,147.2,75.418,171.13,-1,-1,-1,-1
318,25,23.14,142.39,77.316,175.44,-1,-1,-1,-1
319,25,27.154,144.26,75.347,170.97,-1,-1,-1,-1
320,25,38.308,140.13,74.602,169.28,-1,-1,-1,-1
321,25,44.537,136.59,74.628,169.34,-1,-1,-1,-1
322,25,52.047,130.13,75.433,171.17,-1,-1,-1,-1
323,25,57.477,126.72,77.468,175.79,-1,-1,-1,-1
324,25,62.972,126.67,75.556,171.45,-1,-1,-1,-1
325,25,65.487,126.78,74.53,169.12,-1,-1,-1,-1
326,25,67.651,127.4,73.131,165.94,-1,-1,-1,-1
327,25,71.864,129.71,69.485,157.66,-1,-1,-1,-1
328,25,76.358,133.07,65.043,147.58,-1,-1,-1,-1
329,25,79.448,137.45,60.851,138.08,-1,-1,-1,-1
330,25,74.992,136.85,61.006,138.44,-1,-1,-1,-1
331,25,67.658,134.38,62.803,142.52,-1,-1,-1,-1
332,25,59.306,131.36,65.069,147.66,-1,-1,-1,-1
333,25,50.634,128.26,67.401,152.95,-1,-1,-1,-1
334,25,41.901,125.2,69.71,158.19,-1,-1,-1,-1
335,25,33.242,122.15,72.004,163.4,-1,-1,-1,-1
336,25,24.861,119.14,74.293,168.6,-1,-1,-1,-1
337,25,17.272,116.25,76.515,173.64,-1,-1,-1,-1
338,25,11.852,113.91,78.393,177.9,-1,-1,-1,-1
339,25,12.212,113.25,79.139,179.59,-1,-1,-1,-1
340,25,16.799,115.35,77.773,176.49,-1,-1,-1,-1
341,25,22.986,118.69,75.736,171.87,-1,-1,-1,-1
342,25,29.742,123.03,73.791,167.45,-1,-1,-1,-1
343,25,37.447,130.04,71.16,161.48,-1,-1,-1,-1
344,25,43.146,128.41,73.181,166.06,-1,-1,-1,-1
345,25,49.432,128.57,73.789,167.43,-1,-1,-1,-1
346,25,57.435,131.49,72.87,165.35,-1,-1,-1,-1
347,25,69.742,140.37,69.281,157.21,-1,-1,-1,-1
348,25,81.014,142.67,66.883,151.77,-1,-1,-1,-1
349,25,92.505,150.78,63.231,143.48,-1,-1,-1,-1
350,25,103.11,153.48,61.61,139.8,-1,-1,-1,-1
351,25,113.37,153.79,61.26,139.01,-1,-1,-1,-1
352,25,123.58,152.44,62.524,141.88,-1,-1,-1,-1
353,25,133.65,150.58,64.248,145.8,-1,-1,-1,-1
354,25,143.4,148.76,65.765,149.24,-1,-1,-1,-1
355,25,152.21,147.49,66.333,150.53,-1,-1,-1,-1
356,25,158.37,147.27,64.704,146.83,-1,-1,-1,-1
357,25,162.15,147.98,66.791,151.56,-1,-1,-1,-1
358,25,164.72,149.5,69.893,158.6,-1,-1,-1,-1
359,25,166.3,153.14,71.78,162.88,-1,-1,-1,-1
360,25,165.96,161.89,69.379,157.44,-1,-1,-1,-1
361,25,166.64,164.66,68.111,154.56,-1,-1,-1,-1
362,25,168.91,163.98,66.942,151.91,-1,-1,-1,-1
363,25,174.98,168.99,64.868,147.2,-1,-1,-1,-1
364,25,176.31,167.26,66.894,151.8,-1,-1,-1,-1
365,25,177.93,164.62,67.842,153.95,-1,-1,-1,-1
366,25,181.58,158.73,68.42,155.27,-1,-1,-1,-1
367,25,188.13,154.01,68.334,155.07,-1,-1,-1,-1
368,25,196.72,156.1,68.733,155.97,-1,-1,-1,-1
369,25,204.87,155.94,70.131,159.14,-1,-1,-1,-1
370,25,210.96,154.01,73.344,166.44,-1,-1,-1,-1
371,25,223.4,160.4,66.955,151.94,-1,-1,-1,-1
372,25,231.61,161.99,66.338,150.54,-1,-1,-1,-1
373,25,243.14,167.22,64.306,145.93,-1,-1,-1,-1
374,25,251,164.23,65.6,148.87,-1,-1,-1,-1
375,25,258.25,162.53,66.287,150.42,-1,-1,-1,-1
376,25,263.65,165.71,64.899,147.27,-1,-1,-1,-1
377,25,266.91,159.4,67.198,152.49,-1,-1,-1,-1
378,25,269.14,158.54,67.781,153.81,-1,-1,-1,-1
379,25,270.39,158.58,67.784,153.82,-1,-1,-1,-1
380,25,271.29,158.47,67.908,154.1,-1,-1,-1,-1
381,25,273.17,158.73,67.975,154.25,-1,-1,-1,-1
382,25,277.78,159.35,68.298,154.98,-1,-1,-1,-1
383,25,278.56,160.58,69.515,157.74,-1,-1,-1,-1
384,25,276.24,153.57,72.898,165.41,-1,-1,-1,-1
385,25,279.25,150.94,74.161,168.28,-1,-1,-1,-1
386,25,278.57,150.1,74.54,169.14,-1,-1,-1,-1
387,25,273.48,150.11,74.515,169.08,-1,-1,-1,-1
388,25,271.03,151.15,73.911,167.71,-1,-1,-1,-1
389,25,268.95,154.67,71.751,162.81,-1,-1,-1,-1
390,25,265.18,164.19,65.883,149.5,-1,-1,-1,-1
391,25,260.73,162.31,65.051,147.62,-1,-1,-1,-1
392,25,256.75,164.44,61.488,139.53,-1,-1,-1,-1
393,25,247.36,161.61,64.662,146.73,-1,-1,-1,-1
394,25,246.6,163.07,63.848,144.89,-1,-1,-1,-1
395,25,246.38,163.56,64.695,146.81,-1,-1,-1,-1
396,25,243.96,170.67,61.241,138.97,-1,-1,-1,-1
397,25,241.79,170.81,63.55,144.21,-1,-1,-1,-1
398,25,242.67,174.38,60.769,137.9,-1,-1,-1,-1
399,25,242.25,166.13,63.763,144.69,-1,-1,-1,-1
400,25,237.78,159.42,68.784,156.08,-1,-1,-1,-1
401,25,235.27,164.9,65.841,149.41,-1,-1,-1,-1
402,25,231.96,161.12,66.622,151.18,-1,-1,-1,-1
403,25,233.08,161.53,65.028,147.56,-1,-1,-1,-1
404,25,235.55,163.13,62.733,142.35,-1,-1,-1,-1
405,25,237.6,163.99,60.816,138,-1,-1,-1,-1
406,25,241.28,165.05,57.307,130.04,-1,-1,-1,-1
407,25,242.55,162.85,55.388,125.69,-1,-1,-1,-1
408,25,239.23,160.18,58.948,133.77,-1,-1,-1,-1
409,25,239.21,163.14,58.865,133.58,-1,-1,-1,-1
410,25,235.05,161.75,61.204,138.88,-1,-1,-1,-1
411,25,230.2,158.94,61.789,140.21,-1,-1,-1,-1
412,25,228.89,161.09,61.047,138.53,-1,-1,-1,-1
413,25,229.69,161.04,58.506,132.76,-1,-1,-1,-1
414,25,224.66,163.12,58.409,132.54,-1,-1,-1,-1
415,25,217.87,160.6,60.481,137.24,-1,-1,-1,-1
416,25,212.42,164.89,59.743,135.57,-1,-1,-1,-1
417,25,211.88,171.23,55.484,125.91,-1,-1,-1,-1
418,25,208.45,170.1,56.175,127.47,-1,-1,-1,-1
419,25,205.2,171.48,56.647,128.54,-1,-1,-1,-1
420,25,199.02,168.02,57.1,129.57,-1,-1,-1,-1
421,25,192.77,165.35,57.945,131.49,-1,-1,-1,-1
422,25,188.35,161.08,59.767,135.62,-1,-1,-1,-1
423,25,184.01,164.48,57.725,130.99,-1,-1,-1,-1
424,25,181.88,165.64,56.242,127.62,-1,-1,-1,-1
425,25,179.67,165.42,54.121,122.81,-1,-1,-1,-1
426,25,174.74,160.56,55.04,124.9,-1,-1,-1,-1
427,25,171.77,158.57,53.839,122.17,-1,-1,-1,-1
428,25,166.47,153.77,54.837,124.44,-1,-1,-1,-1
429,25,164.17,154.75,52.951,120.16,-1,-1,-1,-1
430,25,160.15,157.54,52.02,118.04,-1,-1,-1,-1
431,25,158.48,157.02,51.001,115.74,-1,-1,-1,-1
432,25,157.53,160.84,48.751,110.63,-1,-1,-1,-1
433,25,153.92,161.82,47.999,108.93,-1,-1,-1,-1
434,25,151.07,160.91,48.002,108.93,-1,-1,-1,-1
435,25,146.19,157.33,48.665,110.44,-1,-1,-1,-1
436,25,142.53,154.77,50.436,114.45,-1,-1,-1,-1
437,25,139.92,154.76,49.992,113.45,-1,-1,-1,-1
438,25,137.5,155.16,49.52,112.38,-1,-1,-1,-1
439,25,134.59,154.27,51.131,116.03,-1,-1,-1,-1
440,25,132.84,155.44,51.227,116.25,-1,-1,-1,-1
441,25,131.87,158.76,50.089,113.66,-1,-1,-1,-1
442,25,131.91,166.11,47.118,106.92,-1,-1,-1,-1
443,25,133.93,167.35,45.511,103.28,-1,-1,-1,-1
444,25,136.45,166.28,44.75,101.56,-1,-1,-1,-1
445,25,138.53,164.5,45.072,102.29,-1,-1,-1,-1
446,25,138.87,163.03,47.686,108.22,-1,-1,-1,-1
447,25,140.38,161.68,50.044,113.56,-1,-1,-1,-1
448,25,141.02,162.1,49.473,112.27,-1,-1,-1,-1
449,25,144.92,161.56,50.549,114.71,-1,-1,-1,-1
450,25,152.22,162.12,49.692,112.77,-1,-1,-1,-1
451,25,158.74,161.32,51.064,115.88,-1,-1,-1,-1
452,25,166.42,161.37,51.027,115.79,-1,-1,-1,-1
453,25,174.88,162.28,49.586,112.53,-1,-1,-1,-1
454,25,183.03,161.83,50.422,114.42,-1,-1,-1,-1
455,25,192.32,162.31,49.576,112.5,-1,-1,-1,-1
456,25,196.55,161.21,51.208,116.2,-1,-1,-1,-1
346,26,12.395,126.87,74.288,168.57,-1,-1,-1,-1
347,26,19.607,126.44,74.517,169.09,-1,-1,-1,-1
348,26,26.851,125.44,75.092,170.39,-1,-1,-1,-1
349,26,30.431,123.1,76.363,173.28,-1,-1,-1,-1
350,26,34.331,127.26,74.733,169.58,-1,-1,-1,-1
351,26,42.159,132.23,73.154,165.99,-1,-1,-1,-1
352,26,51.445,137.42,71.683,162.66,-1,-1,-1,-1
353,26,61.271,142.65,70.285,159.48,-1,-1,-1,-1
354,26,71.294,147.88,68.919,156.39,-1,-1,-1,-1
355,26,81.378,153.11,67.559,153.3,-1,-1,-1,-1
356,26,91.442,158.31,66.195,150.21,-1,-1,-1,-1
357,26,101.38,163.4,64.833,147.12,-1,-1,-1,-1
358,26,110.93,168.15,63.532,144.17,-1,-1,-1,-1
359,26,119.43,171.87,62.482,141.78,-1,-1,-1,-1
360,26,125.13,172.87,62.153,141.04,-1,-1,-1,-1
361,26,124.75,172.22,62.133,140.99,-1,-1,-1,-1
362,26,126.98,169.29,62.388,141.57,-1,-1,-1,-1
363,26,133.99,171.12,63.243,143.51,-1,-1,-1,-1
364,26,133.41,170.22,65.476,148.58,-1,-1,-1,-1
365,26,132.67,172.37,64.341,146,-1,-1,-1,-1
366,26,133.37,162.09,65.948,149.65,-1,-1,-1,-1
367,26,144.58,155.96,65.385,148.37,-1,-1,-1,-1
368,26,158.76,149.32,69.307,157.27,-1,-1,-1,-1
369,26,166.87,145.56,74.044,168.03,-1,-1,-1,-1
370,26,174.49,154.36,69.339,157.35,-1,-1,-1,-1
371,26,180.76,160.19,65.366,148.33,-1,-1,-1,-1
372,26,188.14,161.01,65.591,148.84,-1,-1,-1,-1
373,26,197.77,165.36,62.893,142.72,-1,-1,-1,-1
374,26,206.75,170.57,61.316,139.14,-1,-1,-1,-1
375,26,213.91,171.51,59.531,135.09,-1,-1,-1,-1
376,26,216.81,165.83,62.245,141.25,-1,-1,-1,-1
377,26,219.09,161.59,65.335,148.26,-1,-1,-1,-1
378,26,222.78,162.26,64.548,146.48,-1,-1,-1,-1
379,26,226.04,162.22,64.349,146.02,-1,-1,-1,-1
380,26,227.76,159.72,66.892,151.79,-1,-1,-1,-1
381,26,229.41,159.98,67.372,152.88,-1,-1,-1,-1
382,26,229.75,166.01,64.874,147.21,-1,-1,-1,-1
383,26,231.67,170.4,62.977,142.91,-1,-1,-1,-1
384,26,237.62,170.31,62.581,142.01,-1,-1,-1,-1
385,26,234.51,165.66,63.26,143.55,-1,-1,-1,-1
386,26,229.48,162.31,65.299,148.18,-1,-1,-1,-1
387,26,226.22,164.53,63.485,144.06,-1,-1,-1,-1
388,26,221.86,167.04,63.132,143.26,-1,-1,-1,-1
389,26,218.07,170.38,62.681,142.24,-1,-1,-1,-1
390,26,214.89,169.35,63.309,143.66,-1,-1,-1,-1
391,26,209.18,163.03,65.567,148.79,-1,-1,-1,-1
392,26,205.84,162.43,64.723,146.87,-1,-1,-1,-1
393,26,199.93,159.49,67.057,152.17,-1,-1,-1,-1
394,26,197.16,158.63,67.88,154.04,-1,-1,-1,-1
395,26,194.88,159.26,67.799,153.85,-1,-1,-1,-1
396,26,190.84,162.04,66.678,151.31,-1,-1,-1,-1
397,26,191.94,169.54,63.579,144.28,-1,-1,-1,-1
398,26,195.5,171.46,62.77,142.44,-1,-1,-1,-1
399,26,195.94,169.52,63.628,144.39,-1,-1,-1,-1
400,26,193.88,162.18,66.647,151.24,-1,-1,-1,-1
401,26,189.15,160.15,67.254,152.62,-1,-1,-1,-1
402,26,188.21,161.85,65.676,149.03,-1,-1,-1,-1
403,26,189.93,168.48,60.742,137.83,-1,-1,-1,-1
404,26,189.64,165.55,61.449,139.44,-1,-1,-1,-1
405,26,189.59,163.35,62.074,140.86,-1,-1,-1,-1
406,26,189.87,160.08,62.924,142.79,-1,-1,-1,-1
407,26,190.81,152.66,64.673,146.76,-1,-1,-1,-1
408,26,188.79,152.84,64.146,145.56,-1,-1,-1,-1
409,26,186.43,150.85,65.584,148.83,-1,-1,-1,-1
410,26,184.94,154.08,63.4,143.87,-1,-1,-1,-1
411,26,179.24,156.31,62.48,141.78,-1,-1,-1,-1
412,26,173.62,159.7,61.976,140.64,-1,-1,-1,-1
413,26,171.58,158.83,61.193,138.86,-1,-1,-1,-1
414,26,171.05,161.76,59.403,134.8,-1,-1,-1,-1
415,26,167.95,158.19,61.234,138.95,-1,-1,-1,-1
416,26,162.91,158.19,61.736,140.09,-1,-1,-1,-1
417,26,161.14,162.29,60.954,138.32,-1,-1,-1,-1
418,26,160.83,165.52,58.133,131.91,-1,-1,-1,-1
419,26,157.04,166.63,57.084,129.53,-1,-1,-1,-1
420,26,153.96,166.7,56.796,128.88,-1,-1,-1,-1
421,26,148.6,165.97,56.82,128.93,-1,-1,-1,-1
422,26,144.66,163.82,57.099,129.57,-1,-1,-1,-1
423,26,138.21,158.11,57.888,131.36,-1,-1,-1,-1
424,26,131.96,152.46,59.74,135.56,-1,-1,-1,-1
425,26,127.29,155.63,57.919,131.43,-1,-1,-1,-1
426,26,120.95,156.41,57.172,129.73,-1,-1,-1,-1
427,26,114.52,155.32,56.949,129.23,-1,-1,-1,-1
428,26,110.67,151.43,56.926,129.17,-1,-1,-1,-1
429,26,105.63,150.04,56.912,129.14,-1,-1,-1,-1
430,26,103.5,150.01,56.678,128.61,-1,-1,-1,-1
431,26,102.26,151.6,55.743,126.49,-1,-1,-1,-1
432,26,100.71,156.44,53.127,120.56,-1,-1,-1,-1
433,26,97.74,156.1,52.186,118.42,-1,-1,-1,-1
434,26,94.419,154.31,51.939,117.86,-1,-1,-1,-1
435,26,91.55,153.54,51.921,117.82,-1,-1,-1,-1
436,26,89.024,153.21,51.951,117.89,-1,-1,-1,-1
437,26,87.031,153.06,51.977,117.95,-1,-1,-1,-1
438,26,86.269,153.01,51.991,117.98,-1,-1,-1,-1
439,26,85.98,152.98,51.998,117.99,-1,-1,-1,-1
440,26,85.873,152.98,52,118,-1,-1,-1,-1
441,26,85.838,152.97,52.002,118,-1,-1,-1,-1
442,26,85.837,152.97,52.004,118.01,-1,-1,-1,-1
443,26,85.871,152.98,52.007,118.02,-1,-1,-1,-1
444,26,85.977,152.99,52.01,118.02,-1,-1,-1,-1
445,26,86.268,153.04,52.002,118.01,-1,-1,-1,-1
446,26,87.048,153.21,51.953,117.89,-1,-1,-1,-1
447,26,89.109,153.68,51.785,117.51,-1,-1,-1,-1
448,26,93.814,154.27,51.595,117.09,-1,-1,-1,-1
449,26,101.03,154.23,51.788,117.53,-1,-1,-1,-1
450,26,108.89,155.01,51.699,117.32,-1,-1,-1,-1
451,26,116.28,159.09,50.172,113.85,-1,-1,-1,-1
452,26,122.7,162.93,45.333,102.88,-1,-1,-1,-1
411,27,333.07,186,33.569,76.173,-1,-1,-1,-1
412,27,330.84,186.04,33.553,76.137,-1,-1,-1,-1
413,27,327.6,186.17,33.489,75.992,-1,-1,-1,-1
414,27,322.65,186.55,33.282,75.52,-1,-1,-1,-1
415,27,317.03,187.02,33.022,74.931,-1,-1,-1,-1
416,27,311.16,187.52,32.748,74.308,-1,-1,-1,-1
417,27,305.2,188.02,32.47,73.679,-1,-1,-1,-1
418,27,299.19,188.53,32.192,73.046,-1,-1,-1,-1
419,27,293.19,189.03,31.91,72.408,-1,-1,-1,-1
420,27,287.18,189.51,31.631,71.773,-1,-1,-1,-1
421,27,281.19,189.89,31.38,71.203,-1,-1,-1,-1
422,27,275.2,190,31.24,70.886,-1,-1,-1,-1
423,27,269.24,189.35,31.416,71.285,-1,-1,-1,-1
424,27,263.37,186.84,32.308,73.31,-1,-1,-1,-1
425,27,259.05,185.66,31.495,71.465,-1,-1,-1,-1
426,27,253.65,183.94,31.497,71.47,-1,-1,-1,-1
427,27,246.81,179.99,32.301,73.294,-1,-1,-1,-1
428,27,241.05,180.62,31.347,71.128,-1,-1,-1,-1
429,27,235.34,180.8,30.968,70.269,-1,-1,-1,-1
430,27,228.93,180.6,30.878,70.063,-1,-1,-1,-1
431,27,225.45,179.87,30.956,70.241,-1,-1,-1,-1
432,27,221.48,177.92,31.227,70.855,-1,-1,-1,-1
433,27,217.12,178.01,31.798,72.152,-1,-1,-1,-1
434,27,215.28,180.83,30.003,68.077,-1,-1,-1,-1
435,27,211.53,179.82,30.48,69.161,-1,-1,-1,-1
436,27,207.35,177.48,30.73,69.727,-1,-1,-1,-1
437,27,203.62,176.59,30.912,70.141,-1,-1,-1,-1
438,27,200.59,176.23,31.24,70.886,-1,-1,-1,-1
439,27,197.84,176.07,31.626,71.763,-1,-1,-1,-1
440,27,195.21,175.98,32.036,72.694,-1,-1,-1,-1
441,27,192.66,175.94,32.455,73.644,-1,-1,-1,-1
442,27,190.24,175.96,32.846,74.531,-1,-1,-1,-1
443,27,188.19,176.2,33.082,75.069,-1,-1,-1,-1
444,27,187.13,177.15,32.818,74.468,-1,-1,-1,-1
445,27,188.63,179.86,31.286,70.988,-1,-1,-1,-1
446,27,190.88,181.34,30.27,68.676,-1,-1,-1,-1
447,27,193.92,182.44,29.524,66.979,-1,-1,-1,-1
448,27,197.53,182.95,29.159,66.158,-1,-1,-1,-1
449,27,199.41,181.68,30.266,68.674,-1,-1,-1,-1
450,27,202.72,181.06,30.82,69.933,-1,-1,-1,-1
385,31,498.98,143.69,101.48,230.27,-1,-1,-1,-1
386,31,502.9,143.9,98.281,223.02,-1,-1,-1,-1
387,31,505.24,142.62,97.501,221.25,-1,-1,-1,-1
388,31,506.88,134.62,101.64,230.64,-1,-1,-1,-1
389,31,507.56,131.46,103.15,234.08,-1,-1,-1,-1
390,31,507.88,129.84,103.7,235.32,-1,-1,-1,-1
391,31,507.66,127.02,104.8,237.81,-1,-1,-1,-1
392,31,506.03,118.74,108.82,246.94,-1,-1,-1,-1
393,31,501.15,112.2,120.29,272.96,-1,-1,-1,-1
394,31,499.27,101.72,124.8,283.19,-1,-1,-1,-1
395,31,498.08,95.847,127.75,289.89,-1,-1,-1,-1
396,31,495.57,86.869,133.73,303.46,-1,-1,-1,-1
397,31,493.12,77.69,139.52,316.6,-1,-1,-1,-1
398,31,490.68,68.847,145.18,329.44,-1,-1,-1,-1
342,33,219.85,167.32,39.911,90.568,-1,-1,-1,-1
343,33,219.31,167.74,39.944,90.643,-1,-1,-1,-1
344,33,217.86,168.65,40.136,91.08,-1,-1,-1,-1
345,33,213.96,170.75,40.87,92.748,-1,-1,-1,-1
346,33,209.7,170.04,42.932,97.433,-1,-1,-1,-1
347,33,208.25,169.74,43.714,99.212,-1,-1,-1,-1
348,33,208.11,169.43,44.102,100.09,-1,-1,-1,-1
349,33,202.03,168.52,44.718,101.49,-1,-1,-1,-1
350,33,197.98,166.13,46.163,104.76,-1,-1,-1,-1
351,33,195.37,167.87,44.959,102.04,-1,-1,-1,-1
352,33,194.18,167.51,44.788,101.65,-1,-1,-1,-1
353,33,193.37,165,45.21,102.6,-1,-1,-1,-1
354,33,197.73,166.22,41.407,93.965,-1,-1,-1,-1
355,33,197.84,166.72,38.94,88.367,-1,-1,-1,-1
282,34,161.03,213.81,62.67,142.21,-1,-1,-1,-1
283,34,162.91,215.92,65.011,147.53,-1,-1,-1,-1
284,34,165.61,217.84,67.392,152.93,-1,-1,-1,-1
285,34,169.61,218.1,68.729,155.96,-1,-1,-1,-1
286,34,178.84,216.84,70.449,159.86,-1,-1,-1,-1
287,34,187.74,226.46,67.428,153,-1,-1,-1,-1
288,34,194.57,227.86,71.956,163.28,-1,-1,-1,-1
289,34,205.07,226.61,74.528,169.11,-1,-1,-1,-1
290,34,217.51,232.05,78.086,177.19,-1,-1,-1,-1
291,34,229.17,233.37,80.613,182.92,-1,-1,-1,-1
292,34,231.59,223.54,92.391,209.65,-1,-1,-1,-1
293,34,237.32,218.56,100.66,228.43,-1,-1,-1,-1
294,34,246.08,225.82,102.13,231.76,-1,-1,-1,-1
295,34,249.97,235.1,99.481,225.74,-1,-1,-1,-1
296,34,245.36,229.14,102.61,232.83,-1,-1,-1,-1
297,34,240.9,223.27,103.19,234.17,-1,-1,-1,-1
298,34,242.03,215.8,101.67,230.7,-1,-1,-1,-1
299,34,245.29,207.64,99.394,225.55,-1,-1,-1,-1
300,34,249.3,199.1,96.937,219.97,-1,-1,-1,-1
301,34,253.57,190.36,94.473,214.38,-1,-1,-1,-1
302,34,257.94,181.52,92.038,208.86,-1,-1,-1,-1
303,34,262.35,172.68,89.625,203.38,-1,-1,-1,-1
304,34,266.82,163.98,87.212,197.9,-1,-1,-1,-1
305,34,271.45,155.72,84.749,192.32,-1,-1,-1,-1
306,34,276.5,148.68,82.128,186.37,-1,-1,-1,-1
307,34,282.63,144.77,79.131,179.57,-1,-1,-1,-1
308,34,291.43,148.68,75.44,171.18,-1,-1,-1,-1
309,34,297.08,150.03,74.219,168.41,-1,-1,-1,-1
310,34,301.24,150.16,74.242,168.46,-1,-1,-1,-1
311,34,304.06,149.08,75.599,171.54,-1,-1,-1,-1
312,34,304.28,145.6,79.76,180.98,-1,-1,-1,-1
313,34,303.76,141.79,84.627,192.03,-1,-1,-1,-1
314,34,303.8,139.91,88.401,200.6,-1,-1,-1,-1
315,34,306.37,144.34,87.985,199.65,-1,-1,-1,-1
316,34,315.43,164.54,77.173,175.12,-1,-1,-1,-1
317,34,328.54,172.1,73.178,166.05,-1,-1,-1,-1
318,34,326.36,170.66,74.625,169.33,-1,-1,-1,-1
319,34,332.91,164.91,78.108,177.24,-1,-1,-1,-1
320,34,343.56,162.04,79.719,180.9,-1,-1,-1,-1
321,34,355.82,158.94,81.277,184.44,-1,-1,-1,-1
322,34,369.65,151.97,84.828,192.49,-1,-1,-1,-1
323,34,383.22,149.04,86.464,196.2,-1,-1,-1,-1
324,34,394.88,136.26,93.345,211.81,-1,-1,-1,-1
325,34,405.6,133.64,94.739,214.97,-1,-1,-1,-1
326,34,415.45,136.33,93.108,211.28,-1,-1,-1,-1
327,34,423.26,143.87,88.727,201.34,-1,-1,-1,-1
328,34,430.68,146.14,87.417,198.37,-1,-1,-1,-1
329,34,430.98,145.1,88.13,199.99,-1,-1,-1,-1
330,34,434.12,143.69,88.777,201.45,-1,-1,-1,-1
331,34,433.7,136.63,92.704,210.36,-1,-1,-1,-1
332,34,434.2,133.82,94.228,213.82,-1,-1,-1,-1
333,34,436.08,132.32,94.99,215.55,-1,-1,-1,-1
303,35,325.74,192.57,52.002,118.01,-1,-1,-1,-1
304,35,325.08,190.03,53.469,121.33,-1,-1,-1,-1
305,35,323.74,183.7,57.133,129.64,-1,-1,-1,-1
306,35,316.12,177.92,60.306,136.84,-1,-1,-1,-1
307,35,329.29,185.83,55.953,126.97,-1,-1,-1,-1
308,35,337.91,185.61,56.412,128.01,-1,-1,-1,-1
309,35,344.87,186.74,56.638,128.52,-1,-1,-1,-1
310,35,349.18,190.51,56.699,128.66,-1,-1,-1,-1
311,35,355.11,191.58,56.74,128.75,-1,-1,-1,-1
312,35,359.43,190.69,57.071,129.5,-1,-1,-1,-1
313,35,366.3,186.49,58.426,132.58,-1,-1,-1,-1
314,35,364.43,183.58,62.378,141.55,-1,-1,-1,-1
315,35,366.68,180.53,66.207,150.24,-1,-1,-1,-1
316,35,372.06,180.96,66.435,150.76,-1,-1,-1,-1
317,35,385.81,184.92,63.636,144.4,-1,-1,-1,-1
318,35,396.64,189.13,62.779,142.46,-1,-1,-1,-1
319,35,415.12,188.19,63.542,144.19,-1,-1,-1,-1
320,35,430.64,181.16,66.664,151.28,-1,-1,-1,-1
321,35,449.36,176.58,68.102,154.54,-1,-1,-1,-1
322,35,468.9,169.85,69.325,157.31,-1,-1,-1,-1
323,35,487.72,165.31,71.52,162.29,-1,-1,-1,-1
324,35,506.22,166.93,69.317,157.3,-1,-1,-1,-1
325,35,530.15,167.67,68.216,154.8,-1,-1,-1,-1
304,37,516.93,164.69,78.332,177.76,-1,-1,-1,-1
305,37,512.3,162.48,85.418,193.83,-1,-1,-1,-1
306,37,507.77,159.17,93.092,211.24,-1,-1,-1,-1
307,37,505.89,153.32,99.189,225.08,-1,-1,-1,-1
308,37,503.11,146.75,105.36,239.08,-1,-1,-1,-1
309,37,494.95,140.5,113.4,257.33,-1,-1,-1,-1
310,37,484.79,136.43,122.37,277.68,-1,-1,-1,-1
311,37,480.69,135.14,125.31,284.35,-1,-1,-1,-1
312,37,478.18,134.44,125.95,285.8,-1,-1,-1,-1
313,37,474.26,132.53,125.91,285.71,-1,-1,-1,-1
314,37,464.73,145.86,125.72,285.28,-1,-1,-1,-1
315,37,459.04,149.45,125.4,284.55,-1,-1,-1,-1
316,37,454.18,154,124.43,282.36,-1,-1,-1,-1
301,38,390.66,202.37,43.814,99.439,-1,-1,-1,-1
302,38,394.07,199.12,43.742,99.274,-1,-1,-1,-1
303,38,395.6,197.96,43.604,98.962,-1,-1,-1,-1
304,38,396.69,197.58,43.427,98.556,-1,-1,-1,-1
305,38,398.21,197.13,43.439,98.576,-1,-1,-1,-1
306,38,392.26,194.23,48.334,109.68,-1,-1,-1,-1
307,38,389.21,193.91,48.4,109.84,-1,-1,-1,-1
308,38,387.54,194.66,48.872,110.91,-1,-1,-1,-1
309,38,388.3,194.85,49.83,113.08,-1,-1,-1,-1
310,38,395.01,192.34,51.796,117.54,-1,-1,-1,-1
311,38,386.09,180.61,59.064,134.03,-1,-1,-1,-1
312,38,384.41,177.9,61.111,138.67,-1,-1,-1,-1
313,38,388.43,181.84,59.68,135.43,-1,-1,-1,-1
314,38,395.51,188.5,56.782,128.85,-1,-1,-1,-1
315,38,406.09,196.75,52.862,119.96,-1,-1,-1,-1
273,39,325.09,131.1,47.824,108.53,-1,-1,-1,-1
274,39,316.69,140.33,48.77,110.68,-1,-1,-1,-1
275,39,310.68,148.36,51.22,116.23,-1,-1,-1,-1
276,39,305.5,152.04,52.73,119.66,-1,-1,-1,-1
277,39,300.58,154,53.836,122.16,-1,-1,-1,-1
278,39,295.54,154.91,54.912,124.61,-1,-1,-1,-1
279,39,289.79,154.23,56.419,128.03,-1,-1,-1,-1
280,39,282.03,149.88,59.268,134.49,-1,-1,-1,-1
281,39,269.23,136.65,65.191,147.93,-1,-1,-1,-1
282,39,266.94,135.26,66.429,150.74,-1,-1,-1,-1
283,39,268.71,138.51,65.782,149.27,-1,-1,-1,-1
284,39,271.98,143.39,64.536,146.45,-1,-1,-1,-1
285,39,275.79,148.79,63.158,143.32,-1,-1,-1,-1
286,39,279.8,154.36,61.769,140.17,-1,-1,-1,-1
287,39,283.94,159.99,60.394,137.05,-1,-1,-1,-1
288,39,288.2,165.55,59.151,134.23,-1,-1,-1,-1
289,39,292.63,170.64,58.491,132.73,-1,-1,-1,-1
290,39,297.32,174.11,59.657,135.37,-1,-1,-1,-1
291,39,302.81,173.64,65.35,148.29,-1,-1,-1,-1
292,39,310.81,173.02,70.072,159,-1,-1,-1,-1
293,39,325.38,175.65,67.59,153.37,-1,-1,-1,-1
294,39,343.05,175.94,63.641,144.41,-1,-1,-1,-1
295,39,359.43,173.77,62.956,142.85,-1,-1,-1,-1
296,39,374.13,169.75,65.058,147.62,-1,-1,-1,-1
297,39,385.46,163.59,71.43,162.08,-1,-1,-1,-1
298,39,396.71,161.28,73.789,167.43,-1,-1,-1,-1
299,39,408.07,160.46,74.511,169.07,-1,-1,-1,-1
300,39,418.61,159.75,74.832,169.8,-1,-1,-1,-1
301,39,427.65,158.1,75.368,171.02,-1,-1,-1,-1
302,39,433.34,154.15,76.409,173.39,-1,-1,-1,-1
303,39,445.01,157.48,71.961,163.29,-1,-1,-1,-1
304,39,452.14,159.85,71.8,162.93,-1,-1,-1,-1
305,39,457.69,162.52,67.861,153.99,-1,-1,-1,-1
306,39,461.77,170.2,63.289,143.62,-1,-1,-1,-1
307,39,460.98,173.41,60.344,136.93,-1,-1,-1,-1
308,39,458.29,174.86,58.072,131.78,-1,-1,-1,-1
309,39,454.91,175.7,56.025,127.13,-1,-1,-1,-1
310,39,451.3,176.38,54.027,122.6,-1,-1,-1,-1
311,39,447.68,177.18,52.009,118.02,-1,-1,-1,-1
312,39,444.25,178.45,49.887,113.21,-1,-1,-1,-1
313,39,441.42,181.05,47.446,107.67,-1,-1,-1,-1
314,39,440.15,187.14,44.206,100.33,-1,-1,-1,-1
213,47,148.59,66.349,125.53,284.85,-1,-1,-1,-1
214,47,148.85,71.195,125.53,284.85,-1,-1,-1,-1
215,47,149.98,76.839,125.54,284.87,-1,-1,-1,-1
216,47,151.38,80.351,125.56,284.91,-1,-1,-1,-1
217,47,153.47,82.668,125.59,285,-1,-1,-1,-1
218,47,159.34,88.688,125.66,285.13,-1,-1,-1,-1
219,47,166.31,94.077,125.7,285.24,-1,-1,-1,-1
220,47,169.98,95.859,125.55,284.9,-1,-1,-1,-1
221,47,174.2,96.253,124.66,282.87,-1,-1,-1,-1
222,47,183.38,96.127,121.71,276.18,-1,-1,-1,-1
223,47,187.43,94.864,114.23,259.2,-1,-1,-1,-1
224,47,189.28,86.425,120.52,273.48,-1,-1,-1,-1
225,47,192.73,88.129,119.41,270.97,-1,-1,-1,-1
226,47,201.71,102.74,108.85,247.01,-1,-1,-1,-1
227,47,207.58,103.96,104.99,238.25,-1,-1,-1,-1
228,47,216.04,108.66,104.31,236.7,-1,-1,-1,-1
229,47,219.86,106.28,105.44,239.27,-1,-1,-1,-1
230,47,223.33,95.525,108.56,246.34,-1,-1,-1,-1
231,47,230.11,94.443,106.35,241.33,-1,-1,-1,-1
232,47,236.97,93.261,104.35,236.78,-1,-1,-1,-1
233,47,244.72,97.082,101.15,229.52,-1,-1,-1,-1
234,47,252.8,102.76,97.535,221.33,-1,-1,-1,-1
235,47,261.01,109.04,93.836,212.93,-1,-1,-1,-1
236,47,269.3,115.32,90.244,204.78,-1,-1,-1,-1
237,47,277.63,120.93,87.109,197.67,-1,-1,-1,-1
238,47,286.02,124.49,85.273,193.5,-1,-1,-1,-1
239,47,289.87,129.65,82.83,187.96,-1,-1,-1,-1
240,47,290.36,125.05,85.333,193.64,-1,-1,-1,-1
241,47,290.75,122.77,87.113,197.68,-1,-1,-1,-1
242,47,291.49,120.76,89.786,203.74,-1,-1,-1,-1
243,47,292.31,118.94,92.593,210.1,-1,-1,-1,-1
244,47,293.16,117.77,94.619,214.7,-1,-1,-1,-1
245,47,294.13,118.7,93.88,213.02,-1,-1,-1,-1
246,47,295.21,124.68,86.14,195.46,-1,-1,-1,-1
247,47,297.13,129.29,79.472,180.33,-1,-1,-1,-1
248,47,301.76,125.42,82.408,187,-1,-1,-1,-1
249,47,305.19,125.36,80.747,183.23,-1,-1,-1,-1
250,47,308.48,125.29,80.178,181.95,-1,-1,-1,-1
251,47,314.95,125.22,80.069,181.7,-1,-1,-1,-1
252,47,319.15,125.34,80.064,181.69,-1,-1,-1,-1
253,47,325.38,126.14,79.847,181.19,-1,-1,-1,-1
254,47,328.05,128.84,78.827,178.87,-1,-1,-1,-1
255,47,329.89,136.38,75.758,171.9,-1,-1,-1,-1
256,47,332.29,141.18,74.233,168.43,-1,-1,-1,-1
257,47,331.34,147.98,70.417,159.77,-1,-1,-1,-1
258,47,327.68,149.68,68.912,156.36,-1,-1,-1,-1
259,47,323.07,149.35,68.351,155.09,-1,-1,-1,-1
260,47,318.38,148.21,68.153,154.65,-1,-1,-1,-1
261,47,314.29,146.46,68.266,154.91,-1,-1,-1,-1
262,47,312.03,143.6,69.07,156.74,-1,-1,-1,-1
263,47,310.47,140.33,70.131,159.14,-1,-1,-1,-1
264,47,309.11,136.93,71.285,161.76,-1,-1,-1,-1
265,47,307.67,133.57,72.452,164.4,-1,-1,-1,-1
266,47,305.87,130.58,73.446,166.66,-1,-1,-1,-1
267,47,303.14,128.94,73.661,167.14,-1,-1,-1,-1
268,47,298.15,131.22,71.514,162.27,-1,-1,-1,-1
269,47,297.99,139.85,64.732,146.89,-1,-1,-1,-1
270,47,292.17,142.42,61.254,139,-1,-1,-1,-1
271,47,284.11,142.51,59.201,134.34,-1,-1,-1,-1
272,47,275.25,141.75,57.624,130.76,-1,-1,-1,-1
273,47,266.17,140.85,56.151,127.42,-1,-1,-1,-1
274,47,257.17,140.09,54.727,124.19,-1,-1,-1,-1
275,47,248.45,139.67,53.578,121.58,-1,-1,-1,-1
276,47,240.43,139.9,53.397,121.17,-1,-1,-1,-1
277,47,234.26,141.83,55.73,126.46,-1,-1,-1,-1
278,47,227.36,144.64,56.897,129.11,-1,-1,-1,-1
255,49,438.71,147.91,75.216,170.67,-1,-1,-1,-1
256,49,428.09,140.59,79.938,181.39,-1,-1,-1,-1
257,49,416.88,136.72,84.874,192.59,-1,-1,-1,-1
258,49,404.41,137.15,88.415,200.63,-1,-1,-1,-1
259,49,392.95,144.15,83.792,190.13,-1,-1,-1,-1
260,49,375.56,130.86,91.795,208.3,-1,-1,-1,-1
261,49,359.12,131.94,95.82,217.43,-1,-1,-1,-1
262,49,343.08,135.26,98.3,223.06,-1,-1,-1,-1
263,49,340.92,150.33,89.4,202.87,-1,-1,-1,-1
264,49,343.2,167.34,77.652,176.22,-1,-1,-1,-1
124,56,500.64,198.36,31.384,71.212,-1,-1,-1,-1
125,56,499.98,195.24,32.299,73.289,-1,-1,-1,-1
126,56,500.68,196.22,31.219,70.835,-1,-1,-1,-1
127,56,501.28,197.2,30.123,68.35,-1,-1,-1,-1
128,56,502.23,200.52,28.177,63.937,-1,-1,-1,-1
129,56,502.02,198.48,29.183,66.218,-1,-1,-1,-1
130,56,503.07,200.5,28.019,63.576,-1,-1,-1,-1
131,56,503.25,202.16,26.429,59.972,-1,-1,-1,-1
132,56,503.38,204.31,25.854,58.668,-1,-1,-1,-1
133,56,503.47,204.79,25.988,58.974,-1,-1,-1,-1
134,56,502.58,201.42,28.743,65.22,-1,-1,-1,-1
135,56,500.1,198.08,32.253,73.186,-1,-1,-1,-1
136,56,499.22,196.93,33.466,75.938,-1,-1,-1,-1
137,56,499.08,196.88,33.548,76.125,-1,-1,-1,-1
138,56,499.53,197.82,32.622,74.024,-1,-1,-1,-1
139,56,501,200.68,29.801,67.623,-1,-1,-1,-1
140,56,502.47,203.19,27.009,61.289,-1,-1,-1,-1
141,56,502.94,202.8,26.172,59.391,-1,-1,-1,-1
142,56,502.91,201.22,26.389,59.883,-1,-1,-1,-1
143,56,502.47,199.12,27.64,62.719,-1,-1,-1,-1
144,56,502.16,197.15,28.931,65.647,-1,-1,-1,-1
145,56,502.64,196.07,29.287,66.455,-1,-1,-1,-1
146,56,505.24,197.18,27.099,61.492,-1,-1,-1,-1
147,56,505.93,198.25,26.245,59.555,-1,-1,-1,-1
148,56,505.85,199.2,25.987,58.972,-1,-1,-1,-1
149,56,505.48,200.13,25.941,58.866,-1,-1,-1,-1
150,56,505.02,201.08,25.942,58.869,-1,-1,-1,-1
151,56,504.53,202.06,25.937,58.857,-1,-1,-1,-1
152,56,504.03,203.04,25.921,58.82,-1,-1,-1,-1
153,56,503.49,203.94,25.942,58.869,-1,-1,-1,-1
154,56,502.8,204.47,26.167,59.378,-1,-1,-1,-1
155,56,501.65,203.94,27.02,61.314,-1,-1,-1,-1
156,56,498.91,201.78,29.392,66.693,-1,-1,-1,-1
157,56,498.32,201.92,29.819,67.661,-1,-1,-1,-1
158,56,497.56,200.98,30.46,69.116,-1,-1,-1,-1
159,56,494.26,194.75,33.461,75.927,-1,-1,-1,-1
160,56,495.06,198.14,31.493,71.459,-1,-1,-1,-1
161,56,494.06,199.93,29.931,67.915,-1,-1,-1,-1
162,56,492.87,200.54,29.254,66.378,-1,-1,-1,-1
163,56,493.11,199.56,30.484,69.169,-1,-1,-1,-1
164,56,494.24,197.58,31.843,72.254,-1,-1,-1,-1
165,56,492.44,192.74,34.57,78.444,-1,-1,-1,-1
166,56,492.47,194.48,34.359,77.966,-1,-1,-1,-1
167,56,490.82,193.31,35.308,80.12,-1,-1,-1,-1
168,56,490.72,187.72,38.645,87.694,-1,-1,-1,-1
169,56,490.76,185.82,39.777,90.264,-1,-1,-1,-1
170,56,491.07,185.87,39.713,90.119,-1,-1,-1,-1
171,56,491.9,187.8,38.489,87.338,-1,-1,-1,-1
172,56,492.89,190.38,36.879,83.683,-1,-1,-1,-1
173,56,493.92,193.14,35.171,79.805,-1,-1,-1,-1
174,56,494.95,195.93,33.448,75.891,-1,-1,-1,-1
175,56,495.96,198.63,31.759,72.057,-1,-1,-1,-1
176,56,496.83,200.94,30.289,68.719,-1,-1,-1,-1
177,56,497.25,201.96,29.607,67.171,-1,-1,-1,-1
178,56,496.43,199.48,31.095,70.553,-1,-1,-1,-1
179,56,494.64,195.54,33.635,76.322,-1,-1,-1,-1
180,56,493.44,190.02,36.367,82.525,-1,-1,-1,-1
181,56,495.03,188.3,38.019,86.275,-1,-1,-1,-1
182,56,495.17,191.09,36.631,83.123,-1,-1,-1,-1
183,56,496.21,187.36,38.861,88.184,-1,-1,-1,-1
184,56,496.9,187.07,39.007,88.515,-1,-1,-1,-1
185,56,498.11,190.32,36.871,83.667,-1,-1,-1,-1
186,56,499.4,194.62,34.017,77.188,-1,-1,-1,-1
187,56,500.34,198.45,31.37,71.181,-1,-1,-1,-1
188,56,500.26,199.9,29.946,67.95,-1,-1,-1,-1
189,56,500.01,199.35,30.934,70.193,-1,-1,-1,-1
190,56,501.13,201.97,28.576,64.845,-1,-1,-1,-1
191,56,501.8,203.25,27.228,61.785,-1,-1,-1,-1
192,56,500.86,201.85,27.914,63.341,-1,-1,-1,-1
193,56,500.74,201.26,28.211,64.017,-1,-1,-1,-1
194,56,501.88,203.55,26.897,61.035,-1,-1,-1,-1
195,56,501.6,203.75,27.041,61.362,-1,-1,-1,-1
196,56,499.61,202.03,28.794,65.337,-1,-1,-1,-1
197,56,500.44,202.87,28.023,63.587,-1,-1,-1,-1
198,56,498.4,200.92,29.826,67.676,-1,-1,-1,-1
199,56,497.99,200.38,30.153,68.419,-1,-1,-1,-1
200,56,498.75,200.68,29.355,66.607,-1,-1,-1,-1
201,56,498.11,200.33,29.873,67.782,-1,-1,-1,-1
202,56,498.55,200.3,29.397,66.703,-1,-1,-1,-1
203,56,497.2,198.8,30.643,69.531,-1,-1,-1,-1
204,56,495.89,195.78,31.94,72.475,-1,-1,-1,-1
205,56,494.62,192.27,33.209,75.356,-1,-1,-1,-1
206,56,493.36,188.66,34.44,78.15,-1,-1,-1,-1
207,56,492.11,185.26,35.591,80.764,-1,-1,-1,-1
208,56,490.87,182.64,36.505,82.839,-1,-1,-1,-1
209,56,489.67,182.14,36.779,83.461,-1,-1,-1,-1
210,56,488.49,182.43,36.822,83.558,-1,-1,-1,-1
211,56,487.3,183,36.8,83.509,-1,-1,-1,-1
212,56,486.11,183.66,36.765,83.428,-1,-1,-1,-1
213,56,484.93,184.36,36.721,83.328,-1,-1,-1,-1
214,56,483.8,185.06,36.671,83.215,-1,-1,-1,-1
215,56,482.74,185.68,36.662,83.196,-1,-1,-1,-1
216,56,481.84,185.94,36.882,83.695,-1,-1,-1,-1
217,56,481.27,185.1,37.853,85.898,-1,-1,-1,-1
218,56,481.58,181.43,40.737,92.443,-1,-1,-1,-1
219,56,482.19,177.62,43.818,99.436,-1,-1,-1,-1
220,56,482.92,176.5,45.318,102.84,-1,-1,-1,-1
221,56,483.55,183.17,42.247,95.87,-1,-1,-1,-1
222,56,483.95,190.05,38.907,88.289,-1,-1,-1,-1
223,56,483.72,189.69,39.389,89.385,-1,-1,-1,-1
224,56,483.07,186.29,41.435,94.032,-1,-1,-1,-1
225,56,481.93,181.32,44.052,99.976,-1,-1,-1,-1
226,56,479.7,174.68,46.858,106.34,-1,-1,-1,-1
227,56,473.57,172.7,47.793,108.46,-1,-1,-1,-1
228,56,472.35,173.18,48,108.93,-1,-1,-1,-1
229,56,472.91,174.47,47.99,108.91,-1,-1,-1,-1
230,56,473.98,175.9,47.948,108.81,-1,-1,-1,-1
231,56,474.81,177.02,47.927,108.76,-1,-1,-1,-1
125,62,283.81,197.55,25.895,58.762,-1,-1,-1,-1
126,62,285.14,197.88,26.33,59.749,-1,-1,-1,-1
127,62,284.39,194.53,27.549,62.514,-1,-1,-1,-1
128,62,284.92,188.36,30.598,69.43,-1,-1,-1,-1
129,62,283.1,191.18,29.254,66.377,-1,-1,-1,-1
130,62,282.52,192.39,28.624,64.948,-1,-1,-1,-1
131,62,282.43,192.85,28.388,64.412,-1,-1,-1,-1
132,62,282.76,193,28.321,64.26,-1,-1,-1,-1
133,62,283.86,193.04,28.311,64.237,-1,-1,-1,-1
134,62,284.9,193.04,28.313,64.241,-1,-1,-1,-1
135,62,284.86,193.05,28.31,64.234,-1,-1,-1,-1
136,62,284.94,193.05,28.299,64.209,-1,-1,-1,-1
137,62,283.97,193.02,28.29,64.188,-1,-1,-1,-1
138,62,284.96,192.88,28.325,64.269,-1,-1,-1,-1
139,62,284.85,192.37,28.533,64.74,-1,-1,-1,-1
140,62,285.15,190.86,29.217,66.294,-1,-1,-1,-1
141,62,285.6,188.98,30.087,68.267,-1,-1,-1,-1
142,62,286.09,187,31.018,70.381,-1,-1,-1,-1
143,62,286.56,185.08,31.932,72.458,-1,-1,-1,-1
144,62,287,183.55,32.658,74.106,-1,-1,-1,-1
145,62,287.38,183.29,32.712,74.228,-1,-1,-1,-1
146,62,287.66,186.37,30.957,70.248,-1,-1,-1,-1
147,62,288.17,189.93,28.679,65.077,-1,-1,-1,-1
148,62,289.49,191.53,26.709,60.61,-1,-1,-1,-1
149,62,293.05,186.92,26.032,59.072,-1,-1,-1,-1
150,62,296.53,181.84,25.693,58.304,-1,-1,-1,-1
1,68,230.74,192.74,31.211,70.819,-1,-1,-1,-1
2,68,237.58,195.2,29.666,67.316,-1,-1,-1,-1
3,68,245.6,197.64,28.151,63.876,-1,-1,-1,-1
4,68,252.68,200.65,26.552,60.251,-1,-1,-1,-1
5,68,261.62,202.74,26.023,59.052,-1,-1,-1,-1
6,68,269.39,202.12,25.904,58.781,-1,-1,-1,-1
7,68,275.78,202.38,25.921,58.822,-1,-1,-1,-1
8,68,283.2,203.83,26.037,59.083,-1,-1,-1,-1
9,68,291.01,203.9,26.386,59.875,-1,-1,-1,-1
10,68,299,202.65,27.305,61.956,-1,-1,-1,-1
11,68,307.31,203.29,26.979,61.219,-1,-1,-1,-1
12,68,315.92,201.77,28.038,63.618,-1,-1,-1,-1
13,68,323.57,200.97,28.854,65.47,-1,-1,-1,-1
14,68,333.9,200.14,30.181,68.482,-1,-1,-1,-1
15,68,343.51,200.14,30.24,68.615,-1,-1,-1,-1
16,68,351.89,200.87,29.171,66.189,-1,-1,-1,-1
17,68,360.08,201.27,29.118,66.067,-1,-1,-1,-1
18,68,365,201.74,28.979,65.751,-1,-1,-1,-1
19,68,368.68,202.23,28.792,65.328,-1,-1,-1,-1
20,68,371.88,202.75,28.585,64.858,-1,-1,-1,-1
21,68,374.89,203.27,28.371,64.373,-1,-1,-1,-1
22,68,377.84,203.8,28.155,63.883,-1,-1,-1,-1
23,68,380.76,204.32,27.939,63.394,-1,-1,-1,-1
24,68,383.67,204.84,27.723,62.905,-1,-1,-1,-1
25,68,386.57,205.36,27.507,62.416,-1,-1,-1,-1
26,68,389.48,205.88,27.291,61.926,-1,-1,-1,-1
27,68,392.4,206.4,27.073,61.432,-1,-1,-1,-1
28,68,395.35,206.92,26.851,60.929,-1,-1,-1,-1
29,68,398.37,207.42,26.623,60.411,-1,-1,-1,-1
30,68,401.57,207.87,26.389,59.881,-1,-1,-1,-1
31,68,405.23,208.17,26.167,59.379,-1,-1,-1,-1
32,68,410.07,207.98,26.032,59.072,-1,-1,-1,-1
33,68,417.96,206.46,26.19,59.43,-1,-1,-1,-1
34,68,426.73,204.01,26.894,61.027,-1,-1,-1,-1
35,68,435.14,200.28,28.753,65.244,-1,-1,-1,-1
36,68,444.06,202.68,27.791,63.061,-1,-1,-1,-1
37,68,449.85,202.34,29.003,65.809,-1,-1,-1,-1
38,68,453.61,198.68,30.589,69.41,-1,-1,-1,-1
39,68,458.79,203.61,27.56,62.54,-1,-1,-1,-1
40,68,463.77,207.2,26.046,59.105,-1,-1,-1,-1
4,70,145.07,172.19,71.912,163.16,-1,-1,-1,-1
5,70,145.86,173.34,72.171,163.75,-1,-1,-1,-1
6,70,147.56,176.39,71.468,162.16,-1,-1,-1,-1
7,70,151.28,183.18,67.714,153.65,-1,-1,-1,-1
8,70,155.24,177.03,72.232,163.9,-1,-1,-1,-1
9,70,157.61,174.66,74.984,170.15,-1,-1,-1,-1
10,70,160.97,174.16,78.297,177.67,-1,-1,-1,-1
11,70,169.19,175.29,78.651,178.48,-1,-1,-1,-1
12,70,178.16,178.51,76.983,174.69,-1,-1,-1,-1
13,70,184.85,174.84,79.264,179.87,-1,-1,-1,-1
14,70,194.28,171.5,81.302,184.49,-1,-1,-1,-1
15,70,203.84,165.17,85.11,193.13,-1,-1,-1,-1
16,70,207.68,163.07,86.495,196.27,-1,-1,-1,-1
17,70,209.52,162.83,87.076,197.59,-1,-1,-1,-1
18,70,210.99,163.75,87.837,199.32,-1,-1,-1,-1
19,70,213.57,166.76,89.542,203.19,-1,-1,-1,-1
20,70,215.44,176.15,84.848,192.54,-1,-1,-1,-1
21,70,213.56,172.93,87.451,198.44,-1,-1,-1,-1
22,70,214.58,166.05,92.275,209.39,-1,-1,-1,-1
23,70,215.43,163.66,94.476,214.38,-1,-1,-1,-1
24,70,216.7,162.82,96.744,219.53,-1,-1,-1,-1
25,70,218.33,162.06,100.21,227.39,-1,-1,-1,-1
26,70,220.38,160.05,104.65,237.49,-1,-1,-1,-1
27,70,222.56,155.39,110.38,250.48,-1,-1,-1,-1
28,70,226.46,152.42,116.31,263.95,-1,-1,-1,-1
29,70,230.53,149.5,119.3,270.72,-1,-1,-1,-1
30,70,234.63,146.71,121.15,274.93,-1,-1,-1,-1
31,70,238.63,144.14,122.66,278.36,-1,-1,-1,-1
32,70,242.42,142.35,124.06,281.51,-1,-1,-1,-1
33,70,245.75,142.88,125.23,284.17,-1,-1,-1,-1
34,70,247.96,149.67,125.82,285.5,-1,-1,-1,-1
798,75,56.781,170.76,47.814,108.51,-1,-1,-1,-1
799,75,55.938,169.27,48.537,110.15,-1,-1,-1,-1
800,75,53.804,165.44,50.437,114.46,-1,-1,-1,-1
801,75,51.521,166.05,50.772,115.22,-1,-1,-1,-1
802,75,50.309,160.54,55.017,124.84,-1,-1,-1,-1
803,75,49.876,158.49,56.571,128.37,-1,-1,-1,-1
804,75,49.784,157.86,57.002,129.35,-1,-1,-1,-1
805,75,57.782,157.66,57.057,129.47,-1,-1,-1,-1
806,75,64.71,157.46,56.989,129.32,-1,-1,-1,-1
807,75,68.433,157.05,56.75,128.77,-1,-1,-1,-1
808,75,72.692,156.11,56.011,127.1,-1,-1,-1,-1
809,75,81.696,162.67,54.075,122.71,-1,-1,-1,-1
810,75,85.928,162.23,54.799,124.35,-1,-1,-1,-1
811,75,91.166,166.67,52.86,119.95,-1,-1,-1,-1
812,75,93.154,168.37,52.117,118.27,-1,-1,-1,-1
813,75,93.834,168.94,51.885,117.74,-1,-1,-1,-1
814,75,93.905,169.03,51.87,117.7,-1,-1,-1,-1
815,75,93.401,168.66,52.112,118.25,-1,-1,-1,-1
816,75,91.717,167.24,53.038,120.36,-1,-1,-1,-1
817,75,87.13,163.29,55.648,126.27,-1,-1,-1,-1
818,75,84.547,164.96,56.705,128.67,-1,-1,-1,-1
819,75,81.25,164.57,57.533,130.55,-1,-1,-1,-1
820,75,73.722,161.24,59.403,134.8,-1,-1,-1,-1
821,75,64.831,157,61.644,139.88,-1,-1,-1,-1
822,75,56.667,154.97,63.081,143.14,-1,-1,-1,-1
823,75,50.014,152.91,65.322,148.23,-1,-1,-1,-1
824,75,43.58,157.53,64.099,145.46,-1,-1,-1,-1
825,75,34.942,154.11,66.039,149.86,-1,-1,-1,-1
826,75,24.421,139.09,73.228,166.17,-1,-1,-1,-1
827,75,17.353,140.64,71.408,162.04,-1,-1,-1,-1
828,75,9.1525,134.79,73.821,167.52,-1,-1,-1,-1
829,75,-0.3948,124.93,77.162,175.1,-1,-1,-1,-1
825,76,223.44,176.6,56.797,128.88,-1,-1,-1,-1
826,76,217.85,177.56,56.838,128.97,-1,-1,-1,-1
827,76,212.71,179.84,57.041,129.44,-1,-1,-1,-1
828,76,207.31,181.52,57.779,131.11,-1,-1,-1,-1
829,76,200.79,180.23,59.793,135.68,-1,-1,-1,-1
830,76,197.1,185.69,58.863,133.57,-1,-1,-1,-1
831,76,190.81,182.59,60.934,138.27,-1,-1,-1,-1
832,76,183.55,176.67,63.908,145.02,-1,-1,-1,-1
833,76,176.17,171.27,66.252,150.34,-1,-1,-1,-1
834,76,169.15,169.74,66.22,150.27,-1,-1,-1,-1
835,76,160.82,162.98,71.017,161.15,-1,-1,-1,-1
836,76,157.17,160.14,70.786,160.62,-1,-1,-1,-1
837,76,155.22,159.13,69.108,156.82,-1,-1,-1,-1
792,77,219.02,204.93,28.372,64.376,-1,-1,-1,-1
793,77,215.03,202.86,28.358,64.343,-1,-1,-1,-1
794,77,210.75,200.75,28.269,64.141,-1,-1,-1,-1
795,77,207.63,199.6,27.925,63.364,-1,-1,-1,-1
796,77,208.26,201.32,26.954,61.165,-1,-1,-1,-1
797,77,208.97,203,26.179,59.405,-1,-1,-1,-1
798,77,209.72,203.94,26.058,59.13,-1,-1,-1,-1
799,77,208.86,203.09,26.641,60.454,-1,-1,-1,-1
800,77,205.5,199.47,28.619,64.94,-1,-1,-1,-1
801,77,204.33,196.16,30.492,69.189,-1,-1,-1,-1
802,77,200.51,194.02,32.009,72.632,-1,-1,-1,-1
803,77,199.17,190.75,34.832,79.041,-1,-1,-1,-1
804,77,200.49,192.23,34.848,79.077,-1,-1,-1,-1
805,77,202.3,188.89,36.215,82.18,-1,-1,-1,-1
806,77,204.58,187.83,36.704,83.289,-1,-1,-1,-1
807,77,209.52,187.79,36.981,83.919,-1,-1,-1,-1
808,77,215.87,188.45,37.569,85.254,-1,-1,-1,-1
809,77,223.93,190.42,39.092,88.708,-1,-1,-1,-1
810,77,230.05,191.51,39.074,88.668,-1,-1,-1,-1
811,77,234.25,192.65,37.642,85.418,-1,-1,-1,-1
812,77,236.16,192.75,37.662,85.465,-1,-1,-1,-1
813,77,237.57,191.7,39.353,89.302,-1,-1,-1,-1
814,77,238.21,190.23,40.48,91.861,-1,-1,-1,-1
815,77,238.72,186.93,42.121,95.592,-1,-1,-1,-1
816,77,236.84,188.11,41.541,94.272,-1,-1,-1,-1
817,77,233.11,184.56,43.209,98.062,-1,-1,-1,-1
818,77,227.97,182.15,44.602,101.23,-1,-1,-1,-1
819,77,223.14,178.12,47.417,107.61,-1,-1,-1,-1
820,77,215.02,173.98,49.977,113.41,-1,-1,-1,-1
821,77,205.49,170.04,52.808,119.83,-1,-1,-1,-1
822,77,195.08,166.91,56.676,128.61,-1,-1,-1,-1
823,77,188.82,164.36,59.749,135.58,-1,-1,-1,-1
824,77,182.77,163.55,59.145,134.21,-1,-1,-1,-1
825,77,176.95,158.55,61.456,139.46,-1,-1,-1,-1
826,77,168.76,156.85,63.245,143.52,-1,-1,-1,-1
827,77,158.84,156.35,66.655,151.26,-1,-1,-1,-1
828,77,152.65,154.29,68.609,155.69,-1,-1,-1,-1
829,77,143.63,147.77,71.775,162.87,-1,-1,-1,-1
830,77,133.72,141.16,79.463,180.32,-1,-1,-1,-1
831,77,128.78,143.89,77.144,175.05,-1,-1,-1,-1
832,77,118.1,139.57,78.497,178.12,-1,-1,-1,-1
833,77,116.62,136.06,79.928,181.37,-1,-1,-1,-1
834,77,98.936,123.04,91.986,208.73,-1,-1,-1,-1
835,77,82.425,115.85,100.82,228.78,-1,-1,-1,-1
836,77,73.605,113.47,103.86,235.68,-1,-1,-1,-1
837,77,63.049,112.14,105.38,239.12,-1,-1,-1,-1
724,78,91.035,200.96,25.916,58.809,-1,-1,-1,-1
725,78,90.805,200.57,26.012,59.027,-1,-1,-1,-1
726,78,90.094,199.46,26.357,59.81,-1,-1,-1,-1
727,78,88.135,196.42,27.413,62.202,-1,-1,-1,-1
728,78,84.097,196.67,27.66,62.765,-1,-1,-1,-1
729,78,80.633,191.72,30.352,68.871,-1,-1,-1,-1
730,78,78.781,192.73,32.342,73.389,-1,-1,-1,-1
731,78,74.934,195.26,32.435,73.598,-1,-1,-1,-1
732,78,70.407,196.98,32.79,74.405,-1,-1,-1,-1
733,78,65.955,195.07,35.6,80.783,-1,-1,-1,-1
734,78,60.871,196.23,36.296,82.364,-1,-1,-1,-1
735,78,56.241,196.94,35.291,80.082,-1,-1,-1,-1
736,78,53.37,202.7,31.767,72.082,-1,-1,-1,-1
737,78,47.581,205.37,29.789,67.592,-1,-1,-1,-1
738,78,41.754,201.74,30.65,69.546,-1,-1,-1,-1
739,78,36.448,199.02,31.982,72.569,-1,-1,-1,-1
740,78,32.139,196.58,33.258,75.467,-1,-1,-1,-1
741,78,30.187,193.79,34.116,77.415,-1,-1,-1,-1
742,78,29.144,190.88,34.797,78.962,-1,-1,-1,-1
743,78,28.445,187.92,35.42,80.376,-1,-1,-1,-1
744,78,27.873,184.93,36.03,81.76,-1,-1,-1,-1
745,78,27.345,181.92,36.641,83.147,-1,-1,-1,-1
746,78,26.833,178.9,37.255,84.542,-1,-1,-1,-1
747,78,26.327,175.88,37.873,85.946,-1,-1,-1,-1
748,78,25.825,172.86,38.495,87.358,-1,-1,-1,-1
749,78,25.336,169.86,39.122,88.781,-1,-1,-1,-1
750,78,24.883,166.92,39.748,90.203,-1,-1,-1,-1
751,78,24.542,164.17,40.348,91.566,-1,-1,-1,-1
752,78,24.512,161.95,40.844,92.69,-1,-1,-1,-1
753,78,25.307,161.16,41.036,93.127,-1,-1,-1,-1
754,78,28.211,163.99,40.537,91.99,-1,-1,-1,-1
755,78,30.303,163.38,40.983,93.004,-1,-1,-1,-1
756,78,33.656,158.7,42.852,97.251,-1,-1,-1,-1
757,78,39.076,157.36,43.21,98.066,-1,-1,-1,-1
758,78,45.305,157.36,42.946,97.464,-1,-1,-1,-1
759,78,51.813,157.82,42.478,96.402,-1,-1,-1,-1
760,78,58.376,158.43,41.968,95.243,-1,-1,-1,-1
761,78,64.861,159.09,41.463,94.094,-1,-1,-1,-1
762,78,71.08,159.79,40.969,92.971,-1,-1,-1,-1
763,78,76.59,160.6,40.486,91.875,-1,-1,-1,-1
764,78,80.248,161.67,40.022,90.82,-1,-1,-1,-1
765,78,79.076,163.45,39.593,89.847,-1,-1,-1,-1
766,78,82.448,167.05,38.343,87.009,-1,-1,-1,-1
767,78,78.823,166.85,39.456,89.537,-1,-1,-1,-1
768,78,76.002,166.5,40.04,90.868,-1,-1,-1,-1
769,78,74.508,167.07,40.058,90.903,-1,-1,-1,-1
770,78,75.623,167.85,40.036,90.853,-1,-1,-1,-1
771,78,77.724,168.7,40.017,90.808,-1,-1,-1,-1
772,78,80.186,169.55,40.005,90.78,-1,-1,-1,-1
773,78,82.749,170.41,39.995,90.76,-1,-1,-1,-1
774,78,85.258,171.26,39.984,90.733,-1,-1,-1,-1
775,78,87.5,172.09,39.966,90.693,-1,-1,-1,-1
776,78,88.991,172.84,39.95,90.656,-1,-1,-1,-1
777,78,88.487,173.34,39.976,90.716,-1,-1,-1,-1
778,78,91.451,173.95,40.18,91.18,-1,-1,-1,-1
779,78,94.778,175.15,40.897,92.808,-1,-1,-1,-1
780,78,95.809,172.16,42.794,97.12,-1,-1,-1,-1
781,78,100.06,172.09,42.973,97.528,-1,-1,-1,-1
782,78,105.55,173.18,42.46,96.363,-1,-1,-1,-1
783,78,111.5,174.66,41.73,94.705,-1,-1,-1,-1
784,78,117.6,176.24,40.958,92.953,-1,-1,-1,-1
785,78,123.75,177.83,40.195,91.22,-1,-1,-1,-1
786,78,129.91,179.42,39.444,89.515,-1,-1,-1,-1
787,78,136.07,181,38.701,87.828,-1,-1,-1,-1
788,78,142.23,182.58,37.96,86.146,-1,-1,-1,-1
789,78,148.38,184.16,37.216,84.454,-1,-1,-1,-1
790,78,154.5,185.76,36.461,82.741,-1,-1,-1,-1
791,78,160.52,187.38,35.695,81.001,-1,-1,-1,-1
792,78,166.29,189.01,34.935,79.275,-1,-1,-1,-1
793,78,171.33,190.59,34.267,77.759,-1,-1,-1,-1
794,78,174.42,191.9,33.958,77.057,-1,-1,-1,-1
795,78,172.39,192.42,34.65,78.627,-1,-1,-1,-1
796,78,168.68,192.57,35.768,81.166,-1,-1,-1,-1
797,78,165.04,192.38,37.141,84.282,-1,-1,-1,-1
798,78,163.35,191.66,38.776,87.993,-1,-1,-1,-1
799,78,160.27,191.45,38.419,87.182,-1,-1,-1,-1
800,78,156.46,190.39,37.888,85.977,-1,-1,-1,-1
801,78,151.89,186.33,38.797,88.039,-1,-1,-1,-1
802,78,153.33,189.94,38.234,86.761,-1,-1,-1,-1
803,78,156.39,194.58,37.864,85.923,-1,-1,-1,-1
804,78,158.23,194.5,39.698,90.086,-1,-1,-1,-1
805,78,159.84,189.99,42.011,95.339,-1,-1,-1,-1
806,78,161.84,184.09,45.164,102.5,-1,-1,-1,-1
807,78,165.24,178.54,50.274,114.09,-1,-1,-1,-1
808,78,168.12,175.41,52.875,119.99,-1,-1,-1,-1
809,78,173.16,171.24,55.865,126.77,-1,-1,-1,-1
810,78,178.65,172.5,56.779,128.84,-1,-1,-1,-1
811,78,180.81,170.97,56.969,129.27,-1,-1,-1,-1
812,78,181.5,173.5,57.166,129.72,-1,-1,-1,-1
813,78,181.17,173.08,58.017,131.65,-1,-1,-1,-1
814,78,179.39,169.12,60.54,137.38,-1,-1,-1,-1
815,78,177.86,170.76,60.943,138.29,-1,-1,-1,-1
816,78,175.07,170.05,62.279,141.33,-1,-1,-1,-1
817,78,171.39,168.26,64.018,145.27,-1,-1,-1,-1
818,78,167.37,166.89,65.473,148.57,-1,-1,-1,-1
819,78,159.98,157.49,70.955,161.01,-1,-1,-1,-1
820,78,156.21,157.8,71.131,161.41,-1,-1,-1,-1
821,78,156.44,167.09,66.566,151.05,-1,-1,-1,-1
822,78,146.9,166.25,68.855,156.25,-1,-1,-1,-1
823,78,133.64,161.35,73.853,167.59,-1,-1,-1,-1
824,78,119.25,155,79.644,180.73,-1,-1,-1,-1
825,78,104.86,147.62,85.731,194.54,-1,-1,-1,-1
826,78,91.161,137.58,92.838,210.67,-1,-1,-1,-1
827,78,65.702,121.85,106.05,240.64,-1,-1,-1,-1
828,78,44.475,94.703,124.14,281.7,-1,-1,-1,-1
