286,1,708.73,165.16,36.919,83.778,-1,-1,-1,-1
287,1,712.71,165.24,37.236,84.499,-1,-1,-1,-1
288,1,717.56,165.36,37.608,85.342,-1,-1,-1,-1
289,1,722.76,165.5,37.989,86.209,-1,-1,-1,-1
290,1,728.09,165.65,38.37,87.073,-1,-1,-1,-1
291,1,733.47,165.81,38.747,87.93,-1,-1,-1,-1
292,1,738.86,165.98,39.123,88.782,-1,-1,-1,-1
293,1,744.26,166.15,39.497,89.631,-1,-1,-1,-1
294,1,749.66,166.32,39.871,90.48,-1,-1,-1,-1
295,1,755.05,166.49,40.244,91.329,-1,-1,-1,-1
296,1,760.44,166.66,40.619,92.18,-1,-1,-1,-1
297,1,765.83,166.82,40.998,93.039,-1,-1,-1,-1
298,1,771.21,166.96,41.387,93.922,-1,-1,-1,-1
299,1,776.57,167.08,41.796,94.852,-1,-1,-1,-1
300,1,781.92,167.13,42.239,95.858,-1,-1,-1,-1
301,1,787.25,167.09,42.706,96.917,-1,-1,-1,-1
302,1,792.64,166.98,43.083,97.774,-1,-1,-1,-1
303,1,798.3,167.01,42.954,97.481,-1,-1,-1,-1
304,1,804.86,167.77,41.172,93.436,-1,-1,-1,-1
305,1,813.69,170.27,35.221,79.925,-1,-1,-1,-1
306,1,824.09,171.74,30.095,68.293,-1,-1,-1,-1
307,1,835.22,171.83,28.673,65.068,-1,-1,-1,-1
308,1,845.28,170.85,29.367,66.64,-1,-1,-1,-1
309,1,856.59,168.38,32.357,73.419,-1,-1,-1,-1
310,1,870.23,167.73,33.506,76.023,-1,-1,-1,-1
311,1,884.83,168.24,33.965,77.065,-1,-1,-1,-1
312,1,898.76,169.94,34.601,78.511,-1,-1,-1,-1
313,1,915.78,168.14,36.405,82.609,-1,-1,-1,-1
314,1,932.06,169.43,37.87,85.939,-1,-1,-1,-1
315,1,951.77,168.91,40.601,92.14,-1,-1,-1,-1
316,1,972.02,176.03,39.746,90.197,-1,-1,-1,-1
317,1,995.93,174.41,43.333,98.34,-1,-1,-1,-1
318,1,1023.7,171.25,47.509,107.82,-1,-1,-1,-1
319,1,1055.2,168.88,51.859,117.69,-1,-1,-1,-1
320,1,1085,166.09,56.559,128.34,-1,-1,-1,-1
274,2,632.64,171.52,28.682,65.087,-1,-1,-1,-1
275,2,636.05,171.71,30.247,68.636,-1,-1,-1,-1
276,2,640.05,172.04,31.861,72.295,-1,-1,-1,-1
277,2,643.91,172.83,32.692,74.179,-1,-1,-1,-1
278,2,646.65,174.65,31.315,71.06,-1,-1,-1,-1
279,2,648.61,175.38,30.265,68.681,-1,-1,-1,-1
280,2,650.34,175.64,29.445,66.819,-1,-1,-1,-1
281,2,652.2,175.64,28.914,65.615,-1,-1,-1,-1
282,2,654.64,175.2,29.155,66.162,-1,-1,-1,-1
283,2,658.63,173.66,31.46,71.392,-1,-1,-1,-1
284,2,663.37,168.94,35.25,79.985,-1,-1,-1,-1
285,2,668.6,164.98,38.7,87.81,-1,-1,-1,-1
286,2,674.47,166.34,39.796,90.296,-1,-1,-1,-1
287,2,680.68,167.96,40.013,90.788,-1,-1,-1,-1
288,2,687.16,170.82,40.12,91.031,-1,-1,-1,-1
289,2,694.14,171.18,40.732,92.423,-1,-1,-1,-1
290,2,702.43,168.99,42.818,97.169,-1,-1,-1,-1
291,2,710.51,167.55,44.424,100.82,-1,-1,-1,-1
292,2,719.25,164.98,47.543,107.9,-1,-1,-1,-1
293,2,729.61,164.21,50.708,115.08,-1,-1,-1,-1
294,2,740.02,166.67,52.886,120.02,-1,-1,-1,-1
295,2,752.46,165.84,57.118,129.61,-1,-1,-1,-1
296,2,767.47,163.13,62.331,141.44,-1,-1,-1,-1
297,2,785.28,160.97,67.693,153.61,-1,-1,-1,-1
298,2,808.91,162.32,72.503,164.53,-1,-1,-1,-1
299,2,836.1,166,74.909,169.99,-1,-1,-1,-1
300,2,864.89,168.97,78.384,177.87,-1,-1,-1,-1
301,2,895.31,168.45,86.58,196.47,-1,-1,-1,-1
302,2,930.72,180.61,83.686,189.91,-1,-1,-1,-1
303,2,946.79,185.07,82.239,186.62,-1,-1,-1,-1
304,2,955.3,186.22,81.661,185.31,-1,-1,-1,-1
305,2,960.89,186.04,81.482,184.9,-1,-1,-1,-1
306,2,965.35,185.34,81.449,184.83,-1,-1,-1,-1
307,2,969.39,184.47,81.456,184.85,-1,-1,-1,-1
308,2,973.29,183.55,81.468,184.87,-1,-1,-1,-1
309,2,977.13,182.62,81.475,184.89,-1,-1,-1,-1
310,2,980.96,181.69,81.478,184.9,-1,-1,-1,-1
311,2,984.81,180.76,81.48,184.9,-1,-1,-1,-1
312,2,988.72,179.86,81.48,184.9,-1,-1,-1,-1
313,2,992.79,179.03,81.48,184.9,-1,-1,-1,-1
314,2,997.3,178.35,81.48,184.9,-1,-1,-1,-1
315,2,1002.9,178.09,81.48,184.9,-1,-1,-1,-1
299,8,475.25,163.05,31.087,70.543,-1,-1,-1,-1
300,8,468.85,164.29,32.511,73.771,-1,-1,-1,-1
301,8,462.84,167.83,32.648,74.086,-1,-1,-1,-1
302,8,455.75,167.04,35.724,81.067,-1,-1,-1,-1
303,8,445.94,168.05,37.925,86.063,-1,-1,-1,-1
304,8,434.48,165.48,41.778,94.812,-1,-1,-1,-1
305,8,422.35,166.56,43.689,99.149,-1,-1,-1,-1
306,8,410.91,165.09,46.682,105.94,-1,-1,-1,-1
307,8,394.3,158.41,54.783,124.31,-1,-1,-1,-1
277,13,432.72,184.64,25.405,57.662,-1,-1,-1,-1
278,13,432.16,180.24,27.915,63.352,-1,-1,-1,-1
279,13,427.84,177.39,29.994,68.065,-1,-1,-1,-1
280,13,425.68,176.73,30.795,69.882,-1,-1,-1,-1
281,13,423.31,177.18,31.512,71.508,-1,-1,-1,-1
282,13,418.14,178.7,33.283,75.52,-1,-1,-1,-1
283,13,414.12,181.09,34.513,78.311,-1,-1,-1,-1
284,13,407.06,181.35,36.787,83.472,-1,-1,-1,-1
285,13,399.01,180.01,39.157,88.849,-1,-1,-1,-1
286,13,390.99,179.9,40.749,92.464,-1,-1,-1,-1
287,13,380.64,180.19,43.812,99.423,-1,-1,-1,-1
288,13,368.67,178.29,47.643,108.12,-1,-1,-1,-1
289,13,351.28,177.69,51.592,117.08,-1,-1,-1,-1
290,13,336.21,178,55.41,125.74,-1,-1,-1,-1
291,13,317.41,180.55,57.843,131.26,-1,-1,-1,-1
292,13,293.4,178.29,62.715,142.32,-1,-1,-1,-1
293,13,265.07,178.56,69.526,157.77,-1,-1,-1,-1
294,13,231.04,177.34,80.045,181.65,-1,-1,-1,-1
295,13,192.17,176.1,89.619,203.37,-1,-1,-1,-1
296,13,160.74,174.62,102.38,232.34,-1,-1,-1,-1
297,13,118.31,175.78,108.29,245.75,-1,-1,-1,-1
298,13,75.575,177.4,113.12,256.73,-1,-1,-1,-1
299,13,42.772,177.52,121.86,276.56,-1,-1,-1,-1
242,22,523.29,171.22,30.833,69.97,-1,-1,-1,-1
243,22,519.3,171.63,30.942,70.214,-1,-1,-1,-1
244,22,514.45,172.14,31.071,70.506,-1,-1,-1,-1
245,22,509.26,172.67,31.211,70.822,-1,-1,-1,-1
246,22,503.94,173.19,31.357,71.149,-1,-1,-1,-1
247,22,498.55,173.68,31.491,71.451,-1,-1,-1,-1
248,22,493.1,174.12,31.545,71.574,-1,-1,-1,-1
249,22,487.58,174.52,31.323,71.071,-1,-1,-1,-1
250,22,481.87,174.8,30.372,68.92,-1,-1,-1,-1
251,22,476.02,175.22,29.351,66.607,-1,-1,-1,-1
252,22,470.04,175.8,28.518,64.719,-1,-1,-1,-1
253,22,463.69,176.94,28.169,63.93,-1,-1,-1,-1
254,22,457.12,178.49,28.185,63.963,-1,-1,-1,-1
255,22,451.35,179.43,28.222,64.045,-1,-1,-1,-1
256,22,444.6,180.66,28.351,64.337,-1,-1,-1,-1
257,22,439.06,183.25,28.843,65.455,-1,-1,-1,-1
258,22,433.12,184.62,30.316,68.795,-1,-1,-1,-1
259,22,430.05,184.59,31.358,71.159,-1,-1,-1,-1
260,22,426.68,182.98,33.127,75.167,-1,-1,-1,-1
261,22,422.82,181.69,33.877,76.865,-1,-1,-1,-1
262,22,420.44,179.01,34.713,78.764,-1,-1,-1,-1
263,22,416.9,176.87,36.864,83.648,-1,-1,-1,-1
264,22,411.85,174.6,39.098,88.714,-1,-1,-1,-1
265,22,408.39,174.39,40.163,91.13,-1,-1,-1,-1
266,22,402.8,175.5,41.601,94.395,-1,-1,-1,-1
267,22,395.33,172.69,45.13,102.41,-1,-1,-1,-1
268,22,388.16,173.72,45.131,102.42,-1,-1,-1,-1
269,22,380.44,173.13,47.058,106.79,-1,-1,-1,-1
270,22,372.57,175.63,48.446,109.94,-1,-1,-1,-1
271,22,363.41,176.13,51.166,116.12,-1,-1,-1,-1
272,22,352.87,175.36,53.745,121.97,-1,-1,-1,-1
273,22,338.19,172.07,59.173,134.28,-1,-1,-1,-1
274,22,326.49,176.76,60.523,137.34,-1,-1,-1,-1
275,22,310.12,173.02,66.706,151.37,-1,-1,-1,-1
276,22,292.67,175.25,71.035,161.2,-1,-1,-1,-1
277,22,275.1,182.52,70.851,160.78,-1,-1,-1,-1
278,22,252.75,182.58,74.387,168.8,-1,-1,-1,-1
279,22,223.76,182.4,78.137,177.31,-1,-1,-1,-1
280,22,195.81,189.17,77.193,175.17,-1,-1,-1,-1
281,22,161.01,189.2,80.211,182.02,-1,-1,-1,-1
282,22,127.2,189.7,81.72,185.44,-1,-1,-1,-1
231,24,780.12,167.6,42.118,95.586,-1,-1,-1,-1
232,24,779.36,167.55,36.528,82.901,-1,-1,-1,-1
233,24,777.14,167.32,30.584,69.408,-1,-1,-1,-1
234,24,772.12,166.52,28.573,64.842,-1,-1,-1,-1
235,24,766.02,165.45,28.111,63.793,-1,-1,-1,-1
236,24,759.58,164.42,28.119,63.81,-1,-1,-1,-1
237,24,753.11,163.55,28.207,64.01,-1,-1,-1,-1
238,24,746.8,162.82,28.277,64.169,-1,-1,-1,-1
239,24,740.9,162.28,28.336,64.303,-1,-1,-1,-1
240,24,736.08,162.05,28.434,64.524,-1,-1,-1,-1
241,24,731.67,161.95,28.543,64.771,-1,-1,-1,-1
242,24,727.42,161.9,28.652,65.02,-1,-1,-1,-1
243,24,723.24,161.88,28.759,65.262,-1,-1,-1,-1
244,24,719.08,161.88,28.858,65.486,-1,-1,-1,-1
245,24,714.96,161.9,28.944,65.681,-1,-1,-1,-1
246,24,710.9,161.97,29.015,65.841,-1,-1,-1,-1
247,24,706.98,162.1,29.088,66.008,-1,-1,-1,-1
248,24,703.39,162.31,29.264,66.409,-1,-1,-1,-1
249,24,702.51,162.41,30.834,69.969,-1,-1,-1,-1
250,24,699.87,163.28,32.188,73.038,-1,-1,-1,-1
251,24,700.21,166.57,30.887,70.09,-1,-1,-1,-1
252,24,701.4,169.41,29.741,67.491,-1,-1,-1,-1
253,24,703.21,169.55,31.047,70.451,-1,-1,-1,-1
254,24,703.69,167.66,33.16,75.24,-1,-1,-1,-1
255,24,705.71,166.64,34.417,78.094,-1,-1,-1,-1
256,24,711.3,165.41,36.142,82.014,-1,-1,-1,-1
257,24,716.29,165.23,36.648,83.163,-1,-1,-1,-1
258,24,725.55,165.6,36.735,83.36,-1,-1,-1,-1
259,24,736.08,166.3,37.016,84,-1,-1,-1,-1
260,24,747.09,167.29,38.447,87.249,-1,-1,-1,-1
261,24,758.32,162.93,42.996,97.575,-1,-1,-1,-1
262,24,771.52,159.05,47.449,107.68,-1,-1,-1,-1
263,24,787.07,159.25,51.684,117.29,-1,-1,-1,-1
264,24,804.55,157.81,55.84,126.71,-1,-1,-1,-1
265,24,825.43,156.31,59.013,133.91,-1,-1,-1,-1
266,24,852.05,152.14,65.345,148.28,-1,-1,-1,-1
267,24,878.52,153.52,68.958,156.48,-1,-1,-1,-1
268,24,909.64,149.4,74.707,169.53,-1,-1,-1,-1
269,24,941.33,144.56,82.227,186.59,-1,-1,-1,-1
270,24,976.45,144.84,90.982,206.46,-1,-1,-1,-1
271,24,1010.6,144.98,96.028,217.92,-1,-1,-1,-1
272,24,1033.2,143.37,103.93,235.86,-1,-1,-1,-1
259,28,388.46,187.57,34.084,77.335,-1,-1,-1,-1
260,28,383.59,184.78,36.365,82.519,-1,-1,-1,-1
261,28,377.16,183.19,38.882,88.234,-1,-1,-1,-1
262,28,367.63,180.92,44.405,100.77,-1,-1,-1,-1
263,28,359.37,183.64,45.822,103.99,-1,-1,-1,-1
264,28,348.34,181.23,50.326,114.21,-1,-1,-1,-1
265,28,336.87,182.94,53.668,121.8,-1,-1,-1,-1
266,28,321.1,181.47,60.04,136.25,-1,-1,-1,-1
267,28,300.84,187.52,63.973,145.18,-1,-1,-1,-1
268,28,274.2,185.4,70.874,160.83,-1,-1,-1,-1
269,28,241.65,177.87,82.453,187.11,-1,-1,-1,-1
270,28,214.29,173.79,88.242,200.25,-1,-1,-1,-1
250,31,717.08,171.81,27.42,62.241,-1,-1,-1,-1
251,31,717.67,170.47,28.549,64.792,-1,-1,-1,-1
252,31,718.65,168.28,30.259,68.667,-1,-1,-1,-1
253,31,720.18,167.45,31.415,71.287,-1,-1,-1,-1
254,31,723.71,166.94,33.381,75.743,-1,-1,-1,-1
255,31,727.93,166.65,34.647,78.615,-1,-1,-1,-1
256,31,732,166.12,36.62,83.094,-1,-1,-1,-1
257,31,739.29,167.5,37.705,85.553,-1,-1,-1,-1
258,31,751.25,170.53,35.562,80.69,-1,-1,-1,-1
259,31,764.85,170.07,36.037,81.772,-1,-1,-1,-1
260,31,779.49,167.32,36.912,83.758,-1,-1,-1,-1
261,31,792.21,162.3,43.152,97.929,-1,-1,-1,-1
262,31,806.62,157.11,49.418,112.15,-1,-1,-1,-1
263,31,826.8,157.18,52.389,118.89,-1,-1,-1,-1
264,31,848.36,153.5,55.968,127,-1,-1,-1,-1
265,31,872.63,154.03,58.991,133.86,-1,-1,-1,-1
266,31,897.19,148.98,65.642,148.96,-1,-1,-1,-1
267,31,923.97,145.42,70.574,160.15,-1,-1,-1,-1
268,31,948.03,138.47,79.874,181.26,-1,-1,-1,-1
255,32,352.53,191.31,37.072,84.129,-1,-1,-1,-1
256,32,342.5,187.93,38.48,87.324,-1,-1,-1,-1
257,32,328.34,183.03,42.977,97.532,-1,-1,-1,-1
258,32,314.49,178.93,47.251,107.23,-1,-1,-1,-1
259,32,300.4,177.05,50.97,115.67,-1,-1,-1,-1
260,32,285.04,175.39,53.928,122.39,-1,-1,-1,-1
261,32,268.66,171.31,59.958,136.07,-1,-1,-1,-1
262,32,253.61,174.16,63.017,143.01,-1,-1,-1,-1
263,32,233.24,176.28,67.481,153.13,-1,-1,-1,-1
264,32,207.84,174.75,73.426,166.62,-1,-1,-1,-1
265,32,182.56,166.66,87.987,199.67,-1,-1,-1,-1
266,32,156.43,166.92,95.267,216.19,-1,-1,-1,-1
238,34,532.36,176.54,26.121,59.27,-1,-1,-1,-1
239,34,524.47,173.18,27.641,62.724,-1,-1,-1,-1
240,34,514.47,172.29,28.33,64.289,-1,-1,-1,-1
241,34,505.4,172.9,28.966,65.733,-1,-1,-1,-1
242,34,497.17,171.51,30.274,68.702,-1,-1,-1,-1
243,34,488.87,171.35,30.526,69.273,-1,-1,-1,-1
244,34,487.25,172.25,29.972,68.016,-1,-1,-1,-1
245,34,487.54,173.47,29.181,66.222,-1,-1,-1,-1
246,34,486.84,174.53,28.503,64.683,-1,-1,-1,-1
247,34,481.27,174.84,28.379,64.401,-1,-1,-1,-1
248,34,473.22,174.59,28.801,65.359,-1,-1,-1,-1
249,34,463.62,173.46,30.259,68.666,-1,-1,-1,-1
250,34,454.1,174.8,31.316,71.063,-1,-1,-1,-1
251,34,444.07,174.76,33.186,75.301,-1,-1,-1,-1
252,34,435.69,176.68,34.311,77.853,-1,-1,-1,-1
253,34,425.41,177.03,36.201,82.146,-1,-1,-1,-1
254,34,415.95,177.18,37.758,85.68,-1,-1,-1,-1
255,34,403.54,176.54,41.203,93.495,-1,-1,-1,-1
256,34,389.88,172.7,46.674,105.92,-1,-1,-1,-1
257,34,378.07,172.48,50.392,114.36,-1,-1,-1,-1
258,34,364.49,177.05,51.726,117.39,-1,-1,-1,-1
259,34,351.05,181.78,53.033,120.35,-1,-1,-1,-1
260,34,331.82,182.19,56.691,128.64,-1,-1,-1,-1
261,34,313.72,179.87,61.114,138.69,-1,-1,-1,-1
262,34,293.71,182.59,64.921,147.32,-1,-1,-1,-1
263,34,270.15,181.48,73.301,166.34,-1,-1,-1,-1
264,34,245.06,177.49,82.197,186.52,-1,-1,-1,-1
265,34,229.56,172.92,92.784,210.55,-1,-1,-1,-1
224,37,606.97,152.93,28.33,64.29,-1,-1,-1,-1
225,37,602.32,152.9,28.331,64.293,-1,-1,-1,-1
226,37,596.96,152.9,28.335,64.301,-1,-1,-1,-1
227,37,592.06,152.9,28.341,64.316,-1,-1,-1,-1
228,37,589.25,152.93,28.352,64.341,-1,-1,-1,-1
229,37,592.22,153.04,28.36,64.358,-1,-1,-1,-1
230,37,596.59,153.39,28.333,64.296,-1,-1,-1,-1
231,37,599.36,154.42,28.173,63.933,-1,-1,-1,-1
232,37,595.98,157.23,27.647,62.738,-1,-1,-1,-1
233,37,590.24,160.71,26.978,61.221,-1,-1,-1,-1
234,37,583.61,164.44,26.267,59.606,-1,-1,-1,-1
235,37,576.66,168.15,25.592,58.073,-1,-1,-1,-1
236,37,569.58,171.54,25.135,57.035,-1,-1,-1,-1
237,37,562.4,173.87,25.374,57.577,-1,-1,-1,-1
238,37,555.12,173.5,27.353,62.072,-1,-1,-1,-1
239,37,545.43,171.9,28.17,63.926,-1,-1,-1,-1
240,37,532.6,171.38,28.722,65.181,-1,-1,-1,-1
241,37,520.73,171.16,29.808,67.646,-1,-1,-1,-1
242,37,509.95,170.73,30.704,69.677,-1,-1,-1,-1
243,37,497.53,170.09,31.509,71.5,-1,-1,-1,-1
244,37,485,168.47,33.177,75.279,-1,-1,-1,-1
245,37,473.08,168.85,33.747,76.571,-1,-1,-1,-1
246,37,459.77,171.39,33.984,77.108,-1,-1,-1,-1
247,37,447.57,172.25,34.48,78.236,-1,-1,-1,-1
248,37,435.13,171.95,36.016,81.727,-1,-1,-1,-1
249,37,422.14,172.53,36.869,83.665,-1,-1,-1,-1
250,37,406.32,173.93,38.468,87.296,-1,-1,-1,-1
251,37,388.56,170.89,43.001,97.586,-1,-1,-1,-1
252,37,370.57,170.5,47.268,107.27,-1,-1,-1,-1
253,37,349.59,170.81,50.987,115.71,-1,-1,-1,-1
254,37,329.57,172.99,53.985,122.52,-1,-1,-1,-1
255,37,306.08,170.2,60.155,136.51,-1,-1,-1,-1
256,37,282.3,173.13,63.556,144.23,-1,-1,-1,-1
257,37,253.95,174.46,68.67,155.83,-1,-1,-1,-1
258,37,220.68,171.4,75.449,171.21,-1,-1,-1,-1
259,37,182.68,167.73,83.689,189.92,-1,-1,-1,-1
260,37,144.18,172.3,86.602,196.53,-1,-1,-1,-1
261,37,106.32,174.54,88.058,199.83,-1,-1,-1,-1
223,43,745.72,152.49,52.747,119.7,-1,-1,-1,-1
224,43,745.81,151.27,55.247,125.37,-1,-1,-1,-1
225,43,752.14,153.83,55.225,125.32,-1,-1,-1,-1
226,43,761.91,162.57,52.766,119.74,-1,-1,-1,-1
227,43,772.02,172.28,52.163,118.38,-1,-1,-1,-1
228,43,784.18,175.81,53.52,121.46,-1,-1,-1,-1
229,43,794.32,176.29,58.508,132.78,-1,-1,-1,-1
230,43,807.91,182.27,62.819,142.56,-1,-1,-1,-1
231,43,823.94,186.57,67.519,153.22,-1,-1,-1,-1
232,43,842.64,189.06,71.483,162.21,-1,-1,-1,-1
233,43,864.74,198.53,72.18,163.8,-1,-1,-1,-1
234,43,887.08,194.84,78.774,178.76,-1,-1,-1,-1
235,43,908.93,197.68,82.07,186.24,-1,-1,-1,-1
188,49,549.91,157.98,28.33,64.29,-1,-1,-1,-1
189,49,554.27,157.97,28.33,64.29,-1,-1,-1,-1
190,49,559.56,157.97,28.33,64.29,-1,-1,-1,-1
191,49,565.2,157.97,28.33,64.29,-1,-1,-1,-1
192,49,570.98,157.97,28.33,64.29,-1,-1,-1,-1
193,49,576.81,157.96,28.33,64.29,-1,-1,-1,-1
194,49,582.66,157.96,28.33,64.29,-1,-1,-1,-1
195,49,588.52,157.96,28.33,64.29,-1,-1,-1,-1
196,49,594.4,157.96,28.33,64.29,-1,-1,-1,-1
197,49,600.31,157.96,28.33,64.29,-1,-1,-1,-1
198,49,606.33,157.96,28.33,64.29,-1,-1,-1,-1
199,49,612.62,157.96,28.33,64.29,-1,-1,-1,-1
200,49,619.61,157.98,28.33,64.29,-1,-1,-1,-1
201,49,628.44,158.03,28.33,64.29,-1,-1,-1,-1
202,49,638.17,158.16,28.329,64.287,-1,-1,-1,-1
203,49,648.74,158.51,28.326,64.28,-1,-1,-1,-1
204,49,660.92,159.44,28.318,64.262,-1,-1,-1,-1
205,49,677.09,161.87,28.302,64.227,-1,-1,-1,-1
206,49,687.31,164.18,28.282,64.18,-1,-1,-1,-1
207,49,695.25,166.38,28.281,64.179,-1,-1,-1,-1
208,49,702.27,168.3,28.394,64.435,-1,-1,-1,-1
209,49,708.82,169.45,28.876,65.529,-1,-1,-1,-1
210,49,714.89,168.61,30.288,68.733,-1,-1,-1,-1
211,49,720.76,169.49,31.087,70.542,-1,-1,-1,-1
212,49,724.71,168.97,32.505,73.755,-1,-1,-1,-1
213,49,729.54,171.08,31.93,72.45,-1,-1,-1,-1
214,49,733.27,172.98,31.329,71.091,-1,-1,-1,-1
215,49,729.46,167.34,35.074,79.59,-1,-1,-1,-1
216,49,730.31,164.67,36.464,82.747,-1,-1,-1,-1
217,49,731.71,162.43,36.803,83.514,-1,-1,-1,-1
218,49,734.95,163.01,36.754,83.402,-1,-1,-1,-1
219,49,737.05,166.56,36.674,83.219,-1,-1,-1,-1
220,49,735.87,162.99,39.983,90.735,-1,-1,-1,-1
221,49,741.38,169.29,38.058,86.364,-1,-1,-1,-1
222,49,746.38,174.15,37.095,84.179,-1,-1,-1,-1
103,57,663.48,157.62,30.815,69.928,-1,-1,-1,-1
104,57,666.46,158.68,31.004,70.358,-1,-1,-1,-1
105,57,668.93,161.32,31.483,71.449,-1,-1,-1,-1
106,57,671.25,164.2,31.953,72.519,-1,-1,-1,-1
107,57,673.68,166.23,32.047,72.732,-1,-1,-1,-1
108,57,676.53,165.41,31.091,70.559,-1,-1,-1,-1
109,57,678.95,163.05,30.364,68.907,-1,-1,-1,-1
110,57,680.66,160.62,30.038,68.166,-1,-1,-1,-1
111,57,682.06,161.88,28.894,65.569,-1,-1,-1,-1
112,57,682.21,162.37,28.915,65.617,-1,-1,-1,-1
113,57,681.24,162.5,30.199,68.531,-1,-1,-1,-1
114,57,680.42,162.97,31.029,70.414,-1,-1,-1,-1
115,57,678.9,164.11,32.347,73.403,-1,-1,-1,-1
116,57,677.87,162.99,33.842,76.794,-1,-1,-1,-1
117,57,677.03,161.05,35.392,80.309,-1,-1,-1,-1
118,57,676.24,158.85,36.959,83.862,-1,-1,-1,-1
119,57,675.4,156.67,38.529,87.422,-1,-1,-1,-1
120,57,674.4,154.89,40.052,90.878,-1,-1,-1,-1
121,57,673,154.34,41.35,93.828,-1,-1,-1,-1
122,57,671.61,154.43,42.248,95.873,-1,-1,-1,-1
123,57,670.72,155.41,42.007,95.328,-1,-1,-1,-1
124,57,671.27,158.23,38.894,88.259,-1,-1,-1,-1
125,57,672.15,160.7,35.971,81.623,-1,-1,-1,-1
126,57,672.67,160.45,36.359,82.507,-1,-1,-1,-1
127,57,672.77,160.22,36.607,83.07,-1,-1,-1,-1
128,57,672.75,160.18,36.614,83.085,-1,-1,-1,-1
129,57,672.7,160.25,36.497,82.819,-1,-1,-1,-1
130,57,672.64,160.36,36.328,82.436,-1,-1,-1,-1
131,57,672.57,160.48,36.144,82.016,-1,-1,-1,-1
132,57,672.49,160.61,35.956,81.589,-1,-1,-1,-1
133,57,672.42,160.74,35.768,81.163,-1,-1,-1,-1
134,57,672.33,160.86,35.582,80.739,-1,-1,-1,-1
135,57,672.25,160.99,35.395,80.315,-1,-1,-1,-1
136,57,672.17,161.11,35.207,79.888,-1,-1,-1,-1
137,57,672.09,161.24,35.015,79.452,-1,-1,-1,-1
138,57,672.01,161.39,34.814,78.994,-1,-1,-1,-1
139,57,671.96,161.56,34.596,78.5,-1,-1,-1,-1
140,57,671.94,161.76,34.366,77.977,-1,-1,-1,-1
141,57,671.99,161.96,34.168,77.526,-1,-1,-1,-1
142,57,672.17,162.04,34.181,77.556,-1,-1,-1,-1
143,57,672.6,161.61,34.908,79.208,-1,-1,-1,-1
144,57,673.71,159.85,37.481,85.052,-1,-1,-1,-1
145,57,676.01,157.88,40.723,92.414,-1,-1,-1,-1
146,57,679.51,160.3,39.767,90.244,-1,-1,-1,-1
147,57,684,157.8,41.894,95.072,-1,-1,-1,-1
148,57,690.67,159.47,41.122,93.318,-1,-1,-1,-1
149,57,698.96,161.63,39.446,89.513,-1,-1,-1,-1
150,57,709.27,164.01,37.207,84.433,-1,-1,-1,-1
151,57,722.42,165.36,35.357,80.234,-1,-1,-1,-1
152,57,736.45,166.31,33.741,76.567,-1,-1,-1,-1
153,57,750.28,167.13,32.449,73.636,-1,-1,-1,-1
154,57,762.58,167.79,32.006,72.629,-1,-1,-1,-1
155,57,770.53,168.26,33.668,76.396,-1,-1,-1,-1
156,57,778.61,170.12,35.006,79.437,-1,-1,-1,-1
157,57,796.33,172.06,33.632,76.322,-1,-1,-1,-1
158,57,817.03,170.8,32.797,74.425,-1,-1,-1,-1
159,57,830.7,168.1,35.067,79.577,-1,-1,-1,-1
160,57,848.58,168.54,35.531,80.63,-1,-1,-1,-1
161,57,866.73,167.22,37.272,84.583,-1,-1,-1,-1
162,57,885.66,167.26,40.208,91.253,-1,-1,-1,-1
163,57,904.18,166.2,44.122,100.14,-1,-1,-1,-1
164,57,922.38,163.61,48.327,109.68,-1,-1,-1,-1
165,57,945.61,163.8,49.434,112.2,-1,-1,-1,-1
166,57,970.73,165.06,49.356,112.02,-1,-1,-1,-1
167,57,996.46,166.64,48.902,110.98,-1,-1,-1,-1
168,57,1022.3,168.4,48.222,109.44,-1,-1,-1,-1
169,57,1047.9,170.71,46.986,106.63,-1,-1,-1,-1
170,57,1072.8,174.49,44.288,100.51,-1,-1,-1,-1
116,64,441.14,180.69,30.859,70.028,-1,-1,-1,-1
117,64,433.96,179.14,31.947,72.497,-1,-1,-1,-1
118,64,424.57,175.45,34.62,78.558,-1,-1,-1,-1
119,64,415.23,177.28,34.303,77.834,-1,-1,-1,-1
120,64,404.13,178.22,34.724,78.79,-1,-1,-1,-1
121,64,389.88,178.44,36.988,83.931,-1,-1,-1,-1
122,64,374.36,179.28,40.257,91.347,-1,-1,-1,-1
123,64,358.26,179.86,44.467,100.91,-1,-1,-1,-1
124,64,338.79,178.31,49.665,112.71,-1,-1,-1,-1
125,64,318.26,179.62,51.502,116.88,-1,-1,-1,-1
126,64,299.89,184.28,52.539,119.23,-1,-1,-1,-1
127,64,279.89,187.79,54.798,124.36,-1,-1,-1,-1
128,64,254.27,186.39,60.76,137.89,-1,-1,-1,-1
129,64,235.9,189.82,62.789,142.49,-1,-1,-1,-1
130,64,238,197.65,56.653,128.57,-1,-1,-1,-1
131,64,224.63,202.15,56.27,127.7,-1,-1,-1,-1
57,68,757.4,161.67,30.8,69.894,-1,-1,-1,-1
58,68,758.8,161.48,30.409,69.009,-1,-1,-1,-1
59,68,762.46,166.01,29.457,66.852,-1,-1,-1,-1
60,68,765.83,170.61,28.893,65.566,-1,-1,-1,-1
61,68,771.86,172.41,29.05,65.923,-1,-1,-1,-1
62,68,779.65,170.6,30.827,69.953,-1,-1,-1,-1
63,68,786.14,167.87,33.052,74.996,-1,-1,-1,-1
64,68,792.01,166.05,34.395,78.042,-1,-1,-1,-1
65,68,797.91,167.86,36.589,83.028,-1,-1,-1,-1
66,68,803.76,166.2,38.769,87.978,-1,-1,-1,-1
67,68,809.25,159.15,43.312,98.292,-1,-1,-1,-1
68,68,813.68,157.62,46.341,105.17,-1,-1,-1,-1
69,68,819.17,161.63,45.333,102.88,-1,-1,-1,-1
70,68,824.17,167.13,39.315,89.224,-1,-1,-1,-1
71,68,828.89,170.91,33.602,76.253,-1,-1,-1,-1
72,68,833.58,172.33,32.64,74.065,-1,-1,-1,-1
73,68,837.79,172.64,33.212,75.357,-1,-1,-1,-1
74,68,840.71,172.25,33.353,75.677,-1,-1,-1,-1
75,68,843.19,171.7,33.228,75.393,-1,-1,-1,-1
76,68,845.51,171.13,32.977,74.825,-1,-1,-1,-1
77,68,847.76,170.54,32.679,74.149,-1,-1,-1,-1
78,68,850,169.94,32.367,73.442,-1,-1,-1,-1
79,68,852.21,169.33,32.054,72.732,-1,-1,-1,-1
80,68,854.43,168.72,31.742,72.024,-1,-1,-1,-1
81,68,856.63,168.1,31.431,71.319,-1,-1,-1,-1
82,68,858.84,167.49,31.12,70.616,-1,-1,-1,-1
83,68,861.05,166.87,30.81,69.912,-1,-1,-1,-1
84,68,863.25,166.26,30.499,69.208,-1,-1,-1,-1
85,68,865.46,165.65,30.187,68.501,-1,-1,-1,-1
86,68,867.67,165.04,29.872,67.786,-1,-1,-1,-1
87,68,869.9,164.46,29.551,67.058,-1,-1,-1,-1
88,68,872.18,163.91,29.224,66.317,-1,-1,-1,-1
89,68,874.56,163.45,28.904,65.591,-1,-1,-1,-1
90,68,877.21,163.13,28.646,65.006,-1,-1,-1,-1
91,68,880.52,163.16,28.613,64.932,-1,-1,-1,-1
92,68,885.57,164.03,29.19,66.241,-1,-1,-1,-1
93,68,891.29,165.14,29.944,67.953,-1,-1,-1,-1
94,68,897.35,166.15,30.595,69.429,-1,-1,-1,-1
95,68,903.68,166.59,30.8,69.895,-1,-1,-1,-1
96,68,910.17,166.81,30.83,69.964,-1,-1,-1,-1
97,68,918.28,166.95,30.8,69.895,-1,-1,-1,-1
98,68,927.1,167.06,30.753,69.788,-1,-1,-1,-1
99,68,935.38,167.15,30.735,69.748,-1,-1,-1,-1
100,68,946.36,167.13,30.891,70.1,-1,-1,-1,-1
101,68,956.87,166.68,31.621,71.756,-1,-1,-1,-1
102,68,968.34,165.17,33.831,76.766,-1,-1,-1,-1
103,68,979.53,161.8,36.015,81.725,-1,-1,-1,-1
104,68,990.9,160.82,36.838,83.594,-1,-1,-1,-1
105,68,1002.6,160.91,37.442,84.962,-1,-1,-1,-1
106,68,1015.3,161.74,38.789,88.017,-1,-1,-1,-1
107,68,1030.8,163.34,38.936,88.356,-1,-1,-1,-1
108,68,1045.9,162.22,42.098,95.536,-1,-1,-1,-1
109,68,1061.3,161.45,43.627,99.009,-1,-1,-1,-1
110,68,1079.2,159.76,45.488,103.23,-1,-1,-1,-1
111,68,1097.2,155,49.96,113.38,-1,-1,-1,-1
112,68,1115.9,153.06,51.893,117.77,-1,-1,-1,-1
113,68,1137.9,151.61,53.568,121.56,-1,-1,-1,-1
114,68,1160.2,150.28,55.204,125.27,-1,-1,-1,-1
115,68,1180.5,148.96,56.864,129.03,-1,-1,-1,-1
97,74,1013.7,173.64,29.282,66.449,-1,-1,-1,-1
98,74,1020.6,168.79,33.095,75.097,-1,-1,-1,-1
99,74,1032.8,166.01,35.858,81.37,-1,-1,-1,-1
100,74,1047.5,165.24,36.75,83.394,-1,-1,-1,-1
101,74,1062.2,165.25,37.069,84.119,-1,-1,-1,-1
102,74,1074.2,165.4,37.676,85.493,-1,-1,-1,-1
103,74,1084.2,165.48,39.524,89.679,-1,-1,-1,-1
60,76,722.42,158.46,28.273,64.161,-1,-1,-1,-1
61,76,723.64,159.41,28.292,64.204,-1,-1,-1,-1
62,76,725.19,160.43,28.411,64.474,-1,-1,-1,-1
63,76,726.9,161.09,28.872,65.52,-1,-1,-1,-1
64,76,728.79,160.66,30.178,68.483,-1,-1,-1,-1
65,76,730.98,159.25,30.643,69.54,-1,-1,-1,-1
66,76,733.1,157.83,30.877,70.07,-1,-1,-1,-1
67,76,734.61,157.13,31.432,71.328,-1,-1,-1,-1
68,76,736.89,156.16,33.122,75.164,-1,-1,-1,-1
69,76,739.71,155.35,34.93,79.258,-1,-1,-1,-1
70,76,742.73,153.23,37.639,85.404,-1,-1,-1,-1
71,76,747.64,158.17,36.588,83.022,-1,-1,-1,-1
72,76,753.82,161.93,34.834,79.04,-1,-1,-1,-1
73,76,758.8,159.79,34.904,79.199,-1,-1,-1,-1
74,76,761.39,159.22,37.254,84.538,-1,-1,-1,-1
75,76,766.47,157.33,40.655,92.261,-1,-1,-1,-1
76,76,774.65,158.37,40.796,92.581,-1,-1,-1,-1
77,76,781.07,156.13,46.521,105.58,-1,-1,-1,-1
78,76,792.14,155.57,50.721,115.11,-1,-1,-1,-1
79,76,802.23,158.94,52.901,120.05,-1,-1,-1,-1
80,76,813.22,161.17,55.592,126.15,-1,-1,-1,-1
81,76,827.46,168.35,55.66,126.3,-1,-1,-1,-1
82,76,842.93,177.4,54.755,124.25,-1,-1,-1,-1
83,76,858.81,187.04,53.58,121.58,-1,-1,-1,-1
84,76,874.78,196.8,52.377,118.85,-1,-1,-1,-1
85,76,890.7,206.53,51.198,116.18,-1,-1,-1,-1
86,76,906.44,216.12,50.044,113.57,-1,-1,-1,-1
87,76,921.68,225.38,48.904,110.98,-1,-1,-1,-1
88,76,935.62,233.79,47.768,108.41,-1,-1,-1,-1
72,91,349.85,178.72,28.764,65.274,-1,-1,-1,-1
73,91,336.3,176.9,30.819,69.936,-1,-1,-1,-1
74,91,323.47,175.99,32.926,74.711,-1,-1,-1,-1
75,91,311.94,173.83,33.45,75.9,-1,-1,-1,-1
76,91,299.24,174.6,33.479,75.971,-1,-1,-1,-1
77,91,287.63,173.98,34.437,78.14,-1,-1,-1,-1
78,91,272.29,174.15,36.154,82.042,-1,-1,-1,-1
79,91,258.28,177.94,36.788,83.481,-1,-1,-1,-1
80,91,248.6,182.96,37.105,84.201,-1,-1,-1,-1
60,100,843.99,165.59,25.749,58.435,-1,-1,-1,-1
61,100,849.31,165.87,27.564,62.553,-1,-1,-1,-1
62,100,855.57,166.21,28.535,64.757,-1,-1,-1,-1
63,100,860.91,166.84,29.74,67.492,-1,-1,-1,-1
64,100,867.3,166.21,30.977,70.295,-1,-1,-1,-1
65,100,875.59,165.16,32.106,72.852,-1,-1,-1,-1
66,100,885.2,168.07,30.814,69.921,-1,-1,-1,-1
67,100,887.97,163.18,32.839,74.512,-1,-1,-1,-1
68,100,893.16,159.82,33.594,76.224,-1,-1,-1,-1
69,100,900.95,159.58,33.872,76.855,-1,-1,-1,-1
70,100,913.46,166.52,33.865,76.838,-1,-1,-1,-1
71,100,927.19,171.92,34.835,79.042,-1,-1,-1,-1
72,100,939.33,169.14,38.629,87.659,-1,-1,-1,-1
73,100,949.98,162.44,46.022,104.44,-1,-1,-1,-1
74,100,956.63,163.18,51.719,117.37,-1,-1,-1,-1
19,118,876.16,174.43,31.112,70.601,-1,-1,-1,-1
20,118,886.08,169.66,33.153,75.226,-1,-1,-1,-1
21,118,896.12,167.19,34.801,78.965,-1,-1,-1,-1
22,118,901.09,164.18,38.021,86.279,-1,-1,-1,-1
23,118,907.45,164.44,40.901,92.818,-1,-1,-1,-1
24,118,912.46,164.77,43.625,99.005,-1,-1,-1,-1
15,121,820.67,166.93,27.913,63.346,-1,-1,-1,-1
16,121,824.22,169.9,28.321,64.27,-1,-1,-1,-1
17,121,821.26,171.47,29.006,65.828,-1,-1,-1,-1
18,121,827.96,171.22,30.22,68.58,-1,-1,-1,-1
19,121,838.91,170.91,31.076,70.52,-1,-1,-1,-1
20,121,850.71,169.67,32.916,74.693,-1,-1,-1,-1
21,121,860.96,161.01,37.814,85.801,-1,-1,-1,-1
22,121,873.78,160.4,39.656,89.978,-1,-1,-1,-1
23,121,882.72,159.88,40.577,92.067,-1,-1,-1,-1
309,132,517.43,171.61,28.331,64.292,-1,-1,-1,-1
310,132,515.84,173.01,28.315,64.256,-1,-1,-1,-1
311,132,514.14,174.58,28.274,64.163,-1,-1,-1,-1
312,132,513.15,175.84,28.182,63.954,-1,-1,-1,-1
313,132,507.34,175.28,28.236,64.076,-1,-1,-1,-1
314,132,504.42,175.05,28.266,64.146,-1,-1,-1,-1
315,132,501.43,174.82,28.396,64.44,-1,-1,-1,-1
316,132,499.32,174.19,28.911,65.607,-1,-1,-1,-1
317,132,495.9,172.46,30.413,69.015,-1,-1,-1,-1
318,132,491.01,172.44,31.424,71.307,-1,-1,-1,-1
319,132,484.79,174.22,32.87,74.583,-1,-1,-1,-1
320,132,484.39,178.35,32.42,73.562,-1,-1,-1,-1
321,132,484.19,183.54,29.975,68.02,-1,-1,-1,-1
322,132,480.06,182.89,30.514,69.245,-1,-1,-1,-1
323,132,471.73,179.53,34.772,78.907,-1,-1,-1,-1
324,132,465.88,179.37,36.472,82.763,-1,-1,-1,-1
325,132,461.58,182.11,37.434,84.944,-1,-1,-1,-1
326,132,454.24,183.88,39.151,88.834,-1,-1,-1,-1
327,132,447.52,184.46,40.224,91.269,-1,-1,-1,-1
328,132,440.31,183.54,42.522,96.487,-1,-1,-1,-1
329,132,425.1,179.6,48.883,110.93,-1,-1,-1,-1
330,132,414.69,178.98,51.854,117.68,-1,-1,-1,-1
331,132,398.26,180.07,55.283,125.46,-1,-1,-1,-1
332,132,374.99,175.04,63.389,143.85,-1,-1,-1,-1
333,132,354.05,178.94,65.514,148.67,-1,-1,-1,-1
334,132,332.73,177.73,70.732,160.51,-1,-1,-1,-1
335,132,316.39,183.62,71.545,162.36,-1,-1,-1,-1
336,132,294.72,183.15,77.009,174.75,-1,-1,-1,-1
337,132,269.93,189.79,77.217,175.23,-1,-1,-1,-1
338,132,242.97,189,82.604,187.45,-1,-1,-1,-1
339,132,223.16,186.46,90.667,205.75,-1,-1,-1,-1
311,133,498.74,171.37,28.287,64.193,-1,-1,-1,-1
312,133,495.58,172.21,28.29,64.199,-1,-1,-1,-1
313,133,491.71,173.01,28.349,64.334,-1,-1,-1,-1
314,133,487.56,173.12,28.629,64.969,-1,-1,-1,-1
315,133,483.28,171.21,29.495,66.933,-1,-1,-1,-1
316,133,479.23,169.65,30.352,68.877,-1,-1,-1,-1
317,133,475.93,171.01,30.679,69.614,-1,-1,-1,-1
318,133,471.21,171.51,31.474,71.42,-1,-1,-1,-1
319,133,463.97,172.26,33.33,75.626,-1,-1,-1,-1
320,133,457.27,172.61,34.49,78.26,-1,-1,-1,-1
321,133,449.38,172.83,36.179,82.096,-1,-1,-1,-1
322,133,443.66,175.72,36.594,83.039,-1,-1,-1,-1
323,133,440.33,177.97,36.332,82.444,-1,-1,-1,-1
324,133,435.78,181.29,35.6,80.781,-1,-1,-1,-1
325,133,428.96,181.85,37.654,85.446,-1,-1,-1,-1
326,133,420.35,180.99,40.905,92.823,-1,-1,-1,-1
327,133,411.07,187.48,40.423,91.722,-1,-1,-1,-1
328,133,402.22,190.37,40.627,92.182,-1,-1,-1,-1
329,133,390.54,191.62,42.523,96.488,-1,-1,-1,-1
330,133,376.29,186.34,48.156,109.28,-1,-1,-1,-1
331,133,358.42,191.97,48.953,111.1,-1,-1,-1,-1
332,133,340.53,197.77,50.921,115.56,-1,-1,-1,-1
333,133,322.76,201.48,52.053,118.13,-1,-1,-1,-1
334,133,302.96,205.8,54.356,123.36,-1,-1,-1,-1
335,133,276.08,206.36,60.725,137.81,-1,-1,-1,-1
336,133,248.33,210.97,64.745,146.93,-1,-1,-1,-1
337,133,221.14,217.37,65.027,147.57,-1,-1,-1,-1
338,133,195.01,216.65,70.009,158.87,-1,-1,-1,-1
339,133,187.65,209.59,79.86,181.22,-1,-1,-1,-1
340,133,174.58,208.94,89.77,203.71,-1,-1,-1,-1
332,137,919.91,178.45,25.598,58.11,-1,-1,-1,-1
333,137,926.86,177.14,26.722,60.651,-1,-1,-1,-1
334,137,935.41,175.76,28.098,63.766,-1,-1,-1,-1
335,137,943.64,174.86,29.525,66.999,-1,-1,-1,-1
336,137,950.64,173.33,32.604,73.979,-1,-1,-1,-1
337,137,960.84,172.8,33.811,76.716,-1,-1,-1,-1
338,137,973.26,172.38,34.638,78.593,-1,-1,-1,-1
339,137,984.02,171.23,36.294,82.357,-1,-1,-1,-1
340,137,993.97,170.59,37.122,84.239,-1,-1,-1,-1
333,138,891.29,180.36,28.161,63.906,-1,-1,-1,-1
334,138,898.02,182.52,28.356,64.35,-1,-1,-1,-1
335,138,905.9,182.7,29.057,65.939,-1,-1,-1,-1
336,138,914.63,180.81,31.191,70.779,-1,-1,-1,-1
337,138,924.14,178.52,33.901,76.926,-1,-1,-1,-1
338,138,936.27,177.52,35.94,81.554,-1,-1,-1,-1
339,138,945.51,178.79,35.511,80.584,-1,-1,-1,-1
340,138,949.99,183.51,32.267,73.224,-1,-1,-1,-1
