160,4,391.16,167.11,30.814,69.921,-1,-1,-1,-1
161,4,387.08,167.31,30.817,69.927,-1,-1,-1,-1
162,4,381.69,167.8,30.857,70.017,-1,-1,-1,-1
163,4,374.62,168.99,31.036,70.423,-1,-1,-1,-1
164,4,367.33,168.53,31.901,72.386,-1,-1,-1,-1
165,4,358.3,174.96,30.505,69.22,-1,-1,-1,-1
166,4,350.83,172.01,32.492,73.726,-1,-1,-1,-1
167,4,342.76,169.7,34.501,78.277,-1,-1,-1,-1
168,4,334.88,167.04,36.745,83.365,-1,-1,-1,-1
169,4,327.86,165.45,38.706,87.808,-1,-1,-1,-1
112,11,216.28,156.99,28.274,64.159,-1,-1,-1,-1
113,11,214.43,156.8,28.377,64.392,-1,-1,-1,-1
114,11,209.63,156.25,28.68,65.079,-1,-1,-1,-1
115,11,206.13,154.85,29.472,66.875,-1,-1,-1,-1
116,11,203.14,154.1,29.896,67.837,-1,-1,-1,-1
117,11,200.31,156.1,28.831,65.423,-1,-1,-1,-1
118,11,198.49,157.07,28.409,64.466,-1,-1,-1,-1
119,11,195.81,157.82,28.351,64.334,-1,-1,-1,-1
120,11,193.57,159.06,28.643,64.995,-1,-1,-1,-1
121,11,189.52,157,29.578,67.117,-1,-1,-1,-1
122,11,185.3,154.96,30.498,69.204,-1,-1,-1,-1
123,11,182.36,156.29,30.723,69.716,-1,-1,-1,-1
124,11,177.75,157.3,30.49,69.185,-1,-1,-1,-1
125,11,176.83,158.85,29.689,67.369,-1,-1,-1,-1
126,11,174.4,159.44,29.261,66.398,-1,-1,-1,-1
127,11,163.86,156.76,30.405,68.994,-1,-1,-1,-1
128,11,157.02,153.82,31.147,70.676,-1,-1,-1,-1
129,11,152.12,152.86,32.073,72.775,-1,-1,-1,-1
130,11,149.51,153.44,30.626,69.494,-1,-1,-1,-1
131,11,144.91,153.66,32.237,73.149,-1,-1,-1,-1
132,11,140.22,155.85,31.977,72.559,-1,-1,-1,-1
133,11,134.44,156.44,33.237,75.417,-1,-1,-1,-1
134,11,129.04,156.61,33.753,76.588,-1,-1,-1,-1
135,11,123.56,156.37,34.161,77.512,-1,-1,-1,-1
136,11,117.43,155.24,35.092,79.626,-1,-1,-1,-1
137,11,110.55,152.17,37.403,84.871,-1,-1,-1,-1
138,11,104.71,153.56,35.798,81.226,-1,-1,-1,-1
139,11,100.36,151.19,36.421,82.637,-1,-1,-1,-1
140,11,95.382,151.23,36.26,82.27,-1,-1,-1,-1
141,11,90.76,153.63,35.252,79.985,-1,-1,-1,-1
142,11,84.442,151.8,36.392,82.568,-1,-1,-1,-1
143,11,78.387,152.55,37.126,84.234,-1,-1,-1,-1
144,11,72.505,151.51,38.268,86.824,-1,-1,-1,-1
145,11,65.936,147.7,40.919,92.842,-1,-1,-1,-1
146,11,59.757,150.78,39.724,90.131,-1,-1,-1,-1
147,11,52.048,150.12,41.704,94.627,-1,-1,-1,-1
148,11,44.716,151.39,40.919,92.85,-1,-1,-1,-1
149,11,40.045,148.98,40.949,92.919,-1,-1,-1,-1
150,11,33.332,146.43,41.872,95.011,-1,-1,-1,-1
151,11,28.24,149.05,40.311,91.468,-1,-1,-1,-1
152,11,22.128,151.21,39.369,89.326,-1,-1,-1,-1
153,11,16.413,148.94,42.209,95.772,-1,-1,-1,-1
154,11,9.0724,146.6,43.557,98.837,-1,-1,-1,-1
155,11,-0.28018,141.7,48.432,109.9,-1,-1,-1,-1
156,11,-6.3425,144.08,46.246,104.94,-1,-1,-1,-1
157,11,-8.4694,151.45,39.563,89.767,-1,-1,-1,-1
129,12,492.27,166.15,28.234,64.068,-1,-1,-1,-1
130,12,495.08,166.22,28.321,64.265,-1,-1,-1,-1
131,12,497.71,166.32,28.632,64.971,-1,-1,-1,-1
132,12,498.23,166.41,29.581,67.124,-1,-1,-1,-1
133,12,498.78,166.34,30.633,69.511,-1,-1,-1,-1
134,12,501.51,165.78,31.348,71.132,-1,-1,-1,-1
135,12,504.17,164.21,32.421,73.567,-1,-1,-1,-1
136,12,507.66,165.63,31.38,71.204,-1,-1,-1,-1
137,12,513.02,165.45,31.113,70.599,-1,-1,-1,-1
138,12,515.4,168.07,31.725,71.988,-1,-1,-1,-1
139,12,517.14,166.96,33.929,76.986,-1,-1,-1,-1
140,12,522.35,165.92,36.122,81.956,-1,-1,-1,-1
141,12,528.68,165.85,36.49,82.79,-1,-1,-1,-1
142,12,536.39,166.64,35.434,80.395,-1,-1,-1,-1
143,12,541.91,168.46,32.451,73.632,-1,-1,-1,-1
144,12,549.7,166.74,35.389,80.294,-1,-1,-1,-1
145,12,556.52,166.02,36.474,82.754,-1,-1,-1,-1
146,12,564.35,166.03,36.397,82.582,-1,-1,-1,-1
147,12,568.95,166.61,35.23,79.936,-1,-1,-1,-1
148,12,576.52,166.49,35.713,81.03,-1,-1,-1,-1
149,12,586.94,167.26,34.565,78.428,-1,-1,-1,-1
150,12,592.25,167.92,34.474,78.221,-1,-1,-1,-1
151,12,597.77,169.13,35.327,80.155,-1,-1,-1,-1
152,12,604.33,170.83,35.768,81.155,-1,-1,-1,-1
153,12,613.74,173.28,34.138,77.46,-1,-1,-1,-1
154,12,624.06,176.13,32.673,74.138,-1,-1,-1,-1
155,12,634.33,177.72,31.856,72.285,-1,-1,-1,-1
156,12,643.76,175.51,32.494,73.733,-1,-1,-1,-1
157,12,652.2,176.33,31.303,71.031,-1,-1,-1,-1
129,14,530.75,156.43,33.824,76.749,-1,-1,-1,-1
130,14,533.01,156.01,33.146,75.211,-1,-1,-1,-1
131,14,538.85,159.95,31.496,71.467,-1,-1,-1,-1
132,14,543.7,161.3,31.01,70.367,-1,-1,-1,-1
133,14,548.31,161.28,31.317,71.062,-1,-1,-1,-1
134,14,552.3,159.91,32.664,74.116,-1,-1,-1,-1
135,14,557.92,161.45,32.841,74.518,-1,-1,-1,-1
136,14,562.42,156.67,35.708,81.018,-1,-1,-1,-1
137,14,567.94,155.34,36.622,83.09,-1,-1,-1,-1
138,14,574.01,156.15,36.457,82.717,-1,-1,-1,-1
139,14,580.48,159.53,35.4,80.321,-1,-1,-1,-1
140,14,585.38,159.81,36.445,82.69,-1,-1,-1,-1
141,14,590.89,160,36.851,83.61,-1,-1,-1,-1
142,14,596.56,160.35,36.951,83.835,-1,-1,-1,-1
143,14,603,161.11,36.929,83.787,-1,-1,-1,-1
144,14,610.55,162.89,36.911,83.746,-1,-1,-1,-1
145,14,615.63,161.18,37.106,84.187,-1,-1,-1,-1
146,14,623.15,159.94,38.031,86.287,-1,-1,-1,-1
147,14,628.48,157.66,40.842,92.668,-1,-1,-1,-1
148,14,638.35,156.96,40.847,92.682,-1,-1,-1,-1
149,14,643.53,150.77,46.849,106.31,-1,-1,-1,-1
150,14,648.05,145.9,51.92,117.81,-1,-1,-1,-1
27,15,272.68,161.04,28.748,65.233,-1,-1,-1,-1
28,15,271.85,158.5,30.191,68.509,-1,-1,-1,-1
29,15,274.12,157.78,30.724,69.717,-1,-1,-1,-1
30,15,276.73,158.17,30.87,70.048,-1,-1,-1,-1
31,15,279.41,158.96,30.883,70.078,-1,-1,-1,-1
32,15,282,159.82,30.855,70.014,-1,-1,-1,-1
33,15,284.24,160.58,30.792,69.871,-1,-1,-1,-1
34,15,285.56,160.96,30.65,69.548,-1,-1,-1,-1
35,15,284.42,160.28,30.355,68.878,-1,-1,-1,-1
36,15,279.58,162.56,29.869,67.773,-1,-1,-1,-1
37,15,274.06,160.8,32.55,73.856,-1,-1,-1,-1
38,15,267.87,158.24,33.572,76.176,-1,-1,-1,-1
39,15,265.91,157.42,33.883,76.882,-1,-1,-1,-1
40,15,266.15,157.27,34.006,77.162,-1,-1,-1,-1
41,15,268.73,157.44,34.254,77.724,-1,-1,-1,-1
42,15,272.19,157.71,34.569,78.436,-1,-1,-1,-1
43,15,276,158.01,34.912,79.215,-1,-1,-1,-1
44,15,279.93,158.32,35.27,80.025,-1,-1,-1,-1
45,15,283.91,158.64,35.636,80.855,-1,-1,-1,-1
46,15,287.9,158.95,36.005,81.691,-1,-1,-1,-1
47,15,291.89,159.31,36.349,82.471,-1,-1,-1,-1
48,15,295.91,159.82,36.569,82.971,-1,-1,-1,-1
49,15,300.04,160.83,36.408,82.604,-1,-1,-1,-1
50,15,304.39,163.03,35.312,80.121,-1,-1,-1,-1
51,15,307.52,164.49,34.324,77.882,-1,-1,-1,-1
52,15,306.71,162.38,34.717,78.776,-1,-1,-1,-1
53,15,311.07,159.36,37.107,84.199,-1,-1,-1,-1
54,15,315.75,156.65,40.096,90.982,-1,-1,-1,-1
55,15,316.26,155.86,42.792,97.097,-1,-1,-1,-1
56,15,319.45,155.95,43.663,99.071,-1,-1,-1,-1
57,15,321.36,156.69,43.839,99.47,-1,-1,-1,-1
58,15,322.74,157.61,43.813,99.41,-1,-1,-1,-1
59,15,323.89,158.54,43.754,99.278,-1,-1,-1,-1
60,15,324.91,159.44,43.71,99.178,-1,-1,-1,-1
61,15,325.78,160.25,43.706,99.168,-1,-1,-1,-1
62,15,326.34,160.86,43.817,99.421,-1,-1,-1,-1
63,15,326.12,160.88,44.25,100.4,-1,-1,-1,-1
64,15,323.91,159.48,45.432,103.09,-1,-1,-1,-1
65,15,321.47,157.87,46.523,105.57,-1,-1,-1,-1
66,15,320.43,157.3,46.367,105.22,-1,-1,-1,-1
67,15,323.73,159.87,42.742,96.985,-1,-1,-1,-1
68,15,323.04,160.75,37.736,85.625,-1,-1,-1,-1
69,15,322.61,158.33,38.428,87.196,-1,-1,-1,-1
70,15,324.84,159.07,37.558,85.218,-1,-1,-1,-1
71,15,328.96,158.63,37.484,85.055,-1,-1,-1,-1
72,15,336.27,162.1,34.517,78.32,-1,-1,-1,-1
73,15,338.99,163.45,37.215,84.439,-1,-1,-1,-1
74,15,346.53,161.67,40.638,92.211,-1,-1,-1,-1
75,15,345.71,160.68,40.517,91.939,-1,-1,-1,-1
76,15,345.89,159.87,40.319,91.492,-1,-1,-1,-1
77,15,347.11,158.01,40.208,91.241,-1,-1,-1,-1
78,15,350.49,159.04,40.276,91.396,-1,-1,-1,-1
79,15,354.38,159.58,40.652,92.247,-1,-1,-1,-1
80,15,355.56,158.23,41.933,95.15,-1,-1,-1,-1
81,15,356.4,156.57,43.254,98.144,-1,-1,-1,-1
82,15,358.95,155.83,43.799,99.379,-1,-1,-1,-1
83,15,365.69,155.17,44.222,100.34,-1,-1,-1,-1
84,15,370.34,153.88,44.973,102.04,-1,-1,-1,-1
85,15,375.41,155.53,43.952,99.727,-1,-1,-1,-1
86,15,381.01,156.73,43.174,97.963,-1,-1,-1,-1
87,15,385.51,158.18,42.282,95.947,-1,-1,-1,-1
88,15,386.93,155.23,44.915,101.93,-1,-1,-1,-1
89,15,389.56,152.4,47.889,108.68,-1,-1,-1,-1
90,15,398.97,154.43,48.27,109.54,-1,-1,-1,-1
91,15,401.78,155.63,48.072,109.09,-1,-1,-1,-1
92,15,407.66,156.92,47.362,107.48,-1,-1,-1,-1
93,15,415.3,159.14,45.808,103.95,-1,-1,-1,-1
94,15,422.73,157.13,47.536,107.87,-1,-1,-1,-1
95,15,431.8,155.88,48.926,111.03,-1,-1,-1,-1
96,15,436.64,154.41,51.143,116.05,-1,-1,-1,-1
97,15,437.58,154.33,51.306,116.42,-1,-1,-1,-1
98,15,443.47,155.29,49.801,113.01,-1,-1,-1,-1
99,15,449.58,154.86,50.517,114.63,-1,-1,-1,-1
100,15,455.17,154.01,51.736,117.39,-1,-1,-1,-1
101,15,459.17,153.6,51.99,117.97,-1,-1,-1,-1
102,15,465.56,153.23,51.511,116.88,-1,-1,-1,-1
103,15,472.6,152.19,50.135,113.77,-1,-1,-1,-1
104,15,478.75,153.17,51.761,117.45,-1,-1,-1,-1
105,15,482.54,153.06,53.065,120.41,-1,-1,-1,-1
106,15,487.9,152.01,55.111,125.05,-1,-1,-1,-1
107,15,490.66,153.07,54.059,122.67,-1,-1,-1,-1
108,15,495.04,152.98,54.923,124.63,-1,-1,-1,-1
109,15,500.19,153.82,55.537,126.02,-1,-1,-1,-1
110,15,506.15,158.71,53.346,121.05,-1,-1,-1,-1
111,15,513.38,160.41,52.062,118.13,-1,-1,-1,-1
112,15,521.12,160.66,50.372,114.3,-1,-1,-1,-1
113,15,528.97,159.43,46.83,106.26,-1,-1,-1,-1
114,15,534.69,159.05,48.702,110.51,-1,-1,-1,-1
115,15,539.78,158.83,52.444,119,-1,-1,-1,-1
116,15,545.34,158.75,55.908,126.87,-1,-1,-1,-1
117,15,552.81,158.62,56.951,129.23,-1,-1,-1,-1
118,15,560.51,158.03,56.856,129.02,-1,-1,-1,-1
119,15,567.89,155.8,56.049,127.18,-1,-1,-1,-1
120,15,572.85,154.69,59.544,135.12,-1,-1,-1,-1
121,15,575.74,157.77,58.684,133.17,-1,-1,-1,-1
122,15,579.85,159.88,51.927,117.83,-1,-1,-1,-1
123,15,586.15,168.56,44.158,100.2,-1,-1,-1,-1
124,15,591.64,170.43,42.482,96.394,-1,-1,-1,-1
125,15,598.44,172.82,40.371,91.606,-1,-1,-1,-1
126,15,605.41,174.19,39.217,88.987,-1,-1,-1,-1
127,15,613.64,176.2,37.603,85.318,-1,-1,-1,-1
128,15,622,176.1,37.741,85.63,-1,-1,-1,-1
129,15,626.81,173.69,39.852,90.424,-1,-1,-1,-1
130,15,630.45,170.54,42.607,96.68,-1,-1,-1,-1
131,15,634.16,167.54,45.271,102.73,-1,-1,-1,-1
132,15,639.28,165.74,47.015,106.69,-1,-1,-1,-1
133,15,648.47,167.24,46.21,104.87,-1,-1,-1,-1
134,15,655.61,172.88,42.65,96.783,-1,-1,-1,-1
135,15,663.56,169.33,43.383,98.442,-1,-1,-1,-1
136,15,668.21,159.99,49.227,111.7,-1,-1,-1,-1
137,15,675.78,158.1,50.723,115.1,-1,-1,-1,-1
138,15,685.85,161.79,49.334,111.95,-1,-1,-1,-1
139,15,693.69,162.95,49.387,112.07,-1,-1,-1,-1
140,15,699.91,162.26,51.366,116.55,-1,-1,-1,-1
141,15,707.12,161.88,52.342,118.77,-1,-1,-1,-1
142,15,714.42,161.2,53.492,121.38,-1,-1,-1,-1
143,15,721.01,159.33,56.15,127.41,-1,-1,-1,-1
144,15,728.98,157.5,57.09,129.55,-1,-1,-1,-1
145,15,737.23,153.76,57.365,130.17,-1,-1,-1,-1
146,15,745.88,153.09,57.514,130.52,-1,-1,-1,-1
147,15,754.51,154.68,57.826,131.23,-1,-1,-1,-1
148,15,763.48,156.51,57.677,130.88,-1,-1,-1,-1
149,15,772.49,158.77,57.316,130.06,-1,-1,-1,-1
150,15,781.03,159.87,56.986,129.31,-1,-1,-1,-1
92,16,464.25,173.72,38.569,87.513,-1,-1,-1,-1
93,16,462.12,164.59,43.931,99.69,-1,-1,-1,-1
94,16,474.6,159.11,46.585,105.71,-1,-1,-1,-1
95,16,482.73,158.23,46.348,105.17,-1,-1,-1,-1
96,16,485.03,153.78,48.595,110.27,-1,-1,-1,-1
97,16,492.5,158.99,45.482,103.2,-1,-1,-1,-1
98,16,496.48,160.52,44.757,101.56,-1,-1,-1,-1
99,16,500.68,159.33,46.185,104.8,-1,-1,-1,-1
100,16,506.07,157.86,48.409,109.85,-1,-1,-1,-1
101,16,514.89,158.5,50.639,114.91,-1,-1,-1,-1
102,16,522.65,160.52,51.126,116.01,-1,-1,-1,-1
103,16,523.53,163.95,46.909,106.44,-1,-1,-1,-1
104,16,524.71,161.3,46.784,106.16,-1,-1,-1,-1
105,16,533.68,163.63,45.54,103.34,-1,-1,-1,-1
106,16,540,159.36,47.195,107.1,-1,-1,-1,-1
107,16,546.45,158.44,47.903,108.71,-1,-1,-1,-1
108,16,552.5,159.95,48.339,109.7,-1,-1,-1,-1
109,16,556.06,157.13,49.193,111.63,-1,-1,-1,-1
110,16,560.64,155.04,51.42,116.68,-1,-1,-1,-1
111,16,564.26,154.61,52.211,118.47,-1,-1,-1,-1
112,16,570.55,155.41,52.368,118.83,-1,-1,-1,-1
113,16,577.71,158.08,52.176,118.39,-1,-1,-1,-1
114,16,584.86,157.16,51.535,116.94,-1,-1,-1,-1
115,16,591,159.46,50.052,113.58,-1,-1,-1,-1
116,16,595.75,156.12,51.423,116.69,-1,-1,-1,-1
117,16,602.29,154.74,52.061,118.13,-1,-1,-1,-1
118,16,609.09,153.83,52.686,119.55,-1,-1,-1,-1
119,16,614.78,152.12,54.281,123.17,-1,-1,-1,-1
120,16,617.02,147.87,58.439,132.61,-1,-1,-1,-1
121,16,623.06,150.07,58.024,131.67,-1,-1,-1,-1
122,16,629.3,151.45,58.331,132.37,-1,-1,-1,-1
123,16,632.74,152.82,60.16,136.52,-1,-1,-1,-1
124,16,636.13,154.21,60.313,136.87,-1,-1,-1,-1
125,16,634.41,148.97,64.29,145.89,-1,-1,-1,-1
126,16,643.01,149.3,64.294,145.9,-1,-1,-1,-1
127,16,650.32,155.1,60.733,137.82,-1,-1,-1,-1
128,16,658.16,153.78,62.612,142.08,-1,-1,-1,-1
129,16,661.65,151.65,66.843,151.68,-1,-1,-1,-1
130,16,671.02,146.24,70.998,161.11,-1,-1,-1,-1
131,16,681.34,141.83,71.641,162.57,-1,-1,-1,-1
132,16,691.67,144.45,69.915,158.65,-1,-1,-1,-1
133,16,696.41,145.65,72.047,163.49,-1,-1,-1,-1
134,16,704.93,146.01,72.811,165.22,-1,-1,-1,-1
135,16,713.91,146.25,72.661,164.88,-1,-1,-1,-1
136,16,721.4,146.78,71.292,161.77,-1,-1,-1,-1
137,16,734.82,147.96,67.492,153.16,-1,-1,-1,-1
138,16,744.64,150.94,65.415,148.44,-1,-1,-1,-1
139,16,751.1,149.33,69.354,157.38,-1,-1,-1,-1
140,16,758.95,150.42,69.395,157.47,-1,-1,-1,-1
141,16,766.49,146.09,72.762,165.11,-1,-1,-1,-1
142,16,769.02,141.69,75.222,170.69,-1,-1,-1,-1
143,16,765.76,144.3,70.598,160.19,-1,-1,-1,-1
144,16,773.49,142.93,71.793,162.91,-1,-1,-1,-1
145,16,795.23,141.91,77.609,176.11,-1,-1,-1,-1
146,16,812.05,147.32,79.433,180.25,-1,-1,-1,-1
147,16,828.85,151.85,78.804,178.82,-1,-1,-1,-1
148,16,845.44,155.94,77.321,175.46,-1,-1,-1,-1
149,16,861.49,159.7,75.64,171.65,-1,-1,-1,-1
150,16,876.24,163.19,73.991,167.91,-1,-1,-1,-1
143,17,797.87,147.58,72.832,165.27,-1,-1,-1,-1
144,17,805.49,147.86,73.519,166.83,-1,-1,-1,-1
145,17,812.59,148.46,75.408,171.11,-1,-1,-1,-1
146,17,820.03,149.35,77.594,176.07,-1,-1,-1,-1
147,17,829.04,150.76,79.481,180.35,-1,-1,-1,-1
148,17,842.24,153.14,80.46,182.57,-1,-1,-1,-1
149,17,847.34,157.93,82.312,186.78,-1,-1,-1,-1
150,17,843.52,161,87.672,198.94,-1,-1,-1,-1
77,19,376.94,162.56,46.79,106.18,-1,-1,-1,-1
78,19,379.81,161.35,42.459,96.35,-1,-1,-1,-1
79,19,380.21,159.38,41.414,93.975,-1,-1,-1,-1
80,19,380.56,157.28,41.57,94.327,-1,-1,-1,-1
81,19,383.4,156.08,41.629,94.462,-1,-1,-1,-1
82,19,389.82,158.69,40.868,92.737,-1,-1,-1,-1
83,19,392.16,158.85,40.956,92.935,-1,-1,-1,-1
84,19,399.06,160.63,40.239,91.308,-1,-1,-1,-1
85,19,405.21,162.2,39.485,89.595,-1,-1,-1,-1
86,19,410.67,165.03,38.007,86.236,-1,-1,-1,-1
87,19,412.52,166.11,38.218,86.715,-1,-1,-1,-1
88,19,413.06,166.47,39.023,88.545,-1,-1,-1,-1
89,19,413.39,166.6,39.763,90.229,-1,-1,-1,-1
90,19,414.34,166.63,39.804,90.321,-1,-1,-1,-1
91,19,415.53,166.65,39.57,89.789,-1,-1,-1,-1
92,19,416.8,166.62,39.254,89.071,-1,-1,-1,-1
93,19,418.09,166.56,38.927,88.328,-1,-1,-1,-1
94,19,419.39,166.47,38.609,87.605,-1,-1,-1,-1
95,19,420.7,166.35,38.302,86.905,-1,-1,-1,-1
96,19,422.05,166.21,37.993,86.203,-1,-1,-1,-1
97,19,423.53,166.07,37.637,85.396,-1,-1,-1,-1
98,19,425.38,165.98,37.108,84.194,-1,-1,-1,-1
99,19,428.19,166.08,36.103,81.914,-1,-1,-1,-1
100,19,433.42,166.4,34.066,77.294,-1,-1,-1,-1
101,19,438.78,165.63,33.08,75.06,-1,-1,-1,-1
102,19,442.15,161.47,36.144,82.009,-1,-1,-1,-1
103,19,444.59,158.31,38.807,88.056,-1,-1,-1,-1
104,19,447.74,158.51,40.106,91.004,-1,-1,-1,-1
105,19,450.34,156.28,45.367,102.95,-1,-1,-1,-1
106,19,453.08,155.86,46.447,105.4,-1,-1,-1,-1
107,19,458.41,156.18,45.032,102.19,-1,-1,-1,-1
108,19,459.47,149.88,50.081,113.64,-1,-1,-1,-1
109,19,463.6,148.55,51.945,117.87,-1,-1,-1,-1
110,19,467.07,151.15,52.212,118.47,-1,-1,-1,-1
111,19,473.28,152.15,51.253,116.3,-1,-1,-1,-1
112,19,480.34,152.29,48.334,109.68,-1,-1,-1,-1
113,19,487.65,155.28,45.978,104.33,-1,-1,-1,-1
114,19,492.91,155.77,47.457,107.69,-1,-1,-1,-1
115,19,495.95,155.5,48.682,110.47,-1,-1,-1,-1
116,19,500,154.62,50.51,114.62,-1,-1,-1,-1
117,19,507.53,155.19,49.77,112.94,-1,-1,-1,-1
118,19,512.57,154.71,50.822,115.32,-1,-1,-1,-1
119,19,517.48,155.39,49.96,113.37,-1,-1,-1,-1
120,19,522.74,154.92,51.352,116.53,-1,-1,-1,-1
121,19,530.03,155.79,51.372,116.57,-1,-1,-1,-1
122,19,538.58,158.8,50.134,113.76,-1,-1,-1,-1
123,19,545.39,155.71,51.597,117.08,-1,-1,-1,-1
124,19,551.72,154.47,52.196,118.44,-1,-1,-1,-1
125,19,555.97,154.02,52.376,118.84,-1,-1,-1,-1
126,19,562.41,153.92,52.296,118.66,-1,-1,-1,-1
127,19,569.49,154.18,51.811,117.56,-1,-1,-1,-1
128,19,576.32,155.09,50.4,114.37,-1,-1,-1,-1
129,19,582.49,156,49.212,111.67,-1,-1,-1,-1
130,19,586.99,156.44,49.473,112.26,-1,-1,-1,-1
131,19,592.67,159.62,46.629,105.81,-1,-1,-1,-1
132,19,600.15,158.24,48.629,110.35,-1,-1,-1,-1
133,19,608.25,157.74,52.275,118.62,-1,-1,-1,-1
134,19,614.62,152.93,55.908,126.87,-1,-1,-1,-1
135,19,622.17,151.25,57.139,129.66,-1,-1,-1,-1
136,19,629.33,150.79,57.418,130.29,-1,-1,-1,-1
137,19,634.09,150.71,57.348,130.14,-1,-1,-1,-1
138,19,641.15,150.79,57.002,129.35,-1,-1,-1,-1
139,19,648.56,151.06,56.07,127.23,-1,-1,-1,-1
140,19,655.59,151.49,53.893,122.29,-1,-1,-1,-1
141,19,659.55,147.89,54.646,124,-1,-1,-1,-1
142,19,664.47,144.81,58.965,133.81,-1,-1,-1,-1
143,19,672.51,144.95,59.39,134.78,-1,-1,-1,-1
144,19,685.61,150.68,55.686,126.37,-1,-1,-1,-1
145,19,690.94,149.82,59.059,134.02,-1,-1,-1,-1
146,19,694.14,146.42,64.445,146.25,-1,-1,-1,-1
2,21,211.98,153.02,28.309,64.238,-1,-1,-1,-1
3,21,211.97,153.11,28.306,64.232,-1,-1,-1,-1
4,21,211.97,153.33,28.301,64.22,-1,-1,-1,-1
5,21,211.97,153.92,28.293,64.201,-1,-1,-1,-1
6,21,211.95,154.63,28.287,64.189,-1,-1,-1,-1
7,21,211.88,155.33,28.311,64.242,-1,-1,-1,-1
8,21,211.69,155.88,28.44,64.534,-1,-1,-1,-1
9,21,211.13,155.94,28.856,65.478,-1,-1,-1,-1
10,21,209.71,154.86,29.899,67.845,-1,-1,-1,-1
11,21,210.31,157.28,29.46,66.849,-1,-1,-1,-1
12,21,211.39,160.23,28.684,65.088,-1,-1,-1,-1
13,21,211.79,161.16,28.493,64.655,-1,-1,-1,-1
14,21,211.9,160.93,28.755,65.25,-1,-1,-1,-1
15,21,211.88,159.45,29.611,67.192,-1,-1,-1,-1
16,21,211.99,160.89,28.818,65.392,-1,-1,-1,-1
17,21,212.03,160.93,28.772,65.288,-1,-1,-1,-1
18,21,211.97,159.44,29.582,67.126,-1,-1,-1,-1
19,21,211.9,157.79,30.483,69.169,-1,-1,-1,-1
20,21,211.92,157.19,30.794,69.875,-1,-1,-1,-1
21,21,212.03,157.02,30.868,70.044,-1,-1,-1,-1
22,21,212.3,156.98,30.867,70.041,-1,-1,-1,-1
23,21,212.96,156.99,30.849,70,-1,-1,-1,-1
24,21,214.69,157.02,30.828,69.953,-1,-1,-1,-1
25,21,214.18,157.05,30.808,69.908,-1,-1,-1,-1
26,21,215.94,157.11,30.804,69.899,-1,-1,-1,-1
27,21,216.66,157.16,30.879,70.068,-1,-1,-1,-1
28,21,217.03,157.14,31.211,70.821,-1,-1,-1,-1
29,21,217.4,156.96,32.195,73.052,-1,-1,-1,-1
30,21,218.3,156.77,32.998,74.875,-1,-1,-1,-1
31,21,220.7,156.56,32.763,74.342,-1,-1,-1,-1
32,21,221.65,155.32,34.987,79.384,-1,-1,-1,-1
33,21,223.69,156.18,34.51,78.303,-1,-1,-1,-1
34,21,226.47,156.07,34.816,78.996,-1,-1,-1,-1
35,21,227.67,154.7,36.369,82.518,-1,-1,-1,-1
36,21,230.92,154.62,36.78,83.45,-1,-1,-1,-1
37,21,233.51,155.92,36.304,82.371,-1,-1,-1,-1
38,21,238,159.8,34.541,78.372,-1,-1,-1,-1
39,21,242.49,161.25,33.655,76.365,-1,-1,-1,-1
40,21,245.4,161.6,32.863,74.569,-1,-1,-1,-1
41,21,249.5,160.88,31.677,71.878,-1,-1,-1,-1
42,21,250.22,156.89,35.763,81.144,-1,-1,-1,-1
43,21,252.34,155.98,38.438,87.218,-1,-1,-1,-1
44,21,255.35,157.18,38.412,87.156,-1,-1,-1,-1
45,21,258.85,155.63,39.709,90.105,-1,-1,-1,-1
46,21,263.54,155.38,39.981,90.722,-1,-1,-1,-1
47,21,268.16,156.21,39.45,89.516,-1,-1,-1,-1
48,21,271.24,158.82,37.719,85.582,-1,-1,-1,-1
49,21,273.43,159.86,37.048,84.057,-1,-1,-1,-1
50,21,276.9,160.21,36.899,83.719,-1,-1,-1,-1
51,21,279.04,160.12,37.219,84.443,-1,-1,-1,-1
52,21,281.92,159.26,38.531,87.421,-1,-1,-1,-1
53,21,283.42,156.79,42.144,95.623,-1,-1,-1,-1
54,21,287.8,155.94,43.438,98.56,-1,-1,-1,-1
55,21,292.42,155.8,43.759,99.288,-1,-1,-1,-1
56,21,295.7,155.87,43.762,99.294,-1,-1,-1,-1
57,21,300.8,155.88,43.745,99.256,-1,-1,-1,-1
58,21,305.68,155.55,43.946,99.713,-1,-1,-1,-1
59,21,308.1,154.29,44.795,101.64,-1,-1,-1,-1
60,21,310.48,150.86,47.144,106.98,-1,-1,-1,-1
61,21,313.76,150.03,47.802,108.48,-1,-1,-1,-1
62,21,314.22,151.03,47.4,107.56,-1,-1,-1,-1
63,21,319.18,154.42,45.901,104.16,-1,-1,-1,-1
64,21,329.03,155.29,47.427,107.63,-1,-1,-1,-1
65,21,336.09,155.65,48.009,108.95,-1,-1,-1,-1
66,21,340.52,156.15,47.962,108.84,-1,-1,-1,-1
67,21,346.8,157.41,47.155,107.01,-1,-1,-1,-1
68,21,353.13,160.53,44.927,101.94,-1,-1,-1,-1
69,21,357.24,161.26,44.699,101.42,-1,-1,-1,-1
70,21,357.27,160.37,46.213,104.87,-1,-1,-1,-1
71,21,360.79,164.12,45.509,103.27,-1,-1,-1,-1
72,21,363.86,162.13,47.323,107.39,-1,-1,-1,-1
73,21,368.95,158.35,48.18,109.34,-1,-1,-1,-1
74,21,374.14,156.96,48.985,111.16,-1,-1,-1,-1
75,21,377.59,156.54,50.602,114.82,-1,-1,-1,-1
76,21,383.12,159.46,49.771,112.94,-1,-1,-1,-1
77,21,395.77,157.52,50.796,115.26,-1,-1,-1,-1
78,21,403.44,159.45,49.971,113.4,-1,-1,-1,-1
79,21,408.32,156.11,51.557,116.99,-1,-1,-1,-1
80,21,412.69,155.11,52.164,118.36,-1,-1,-1,-1
81,21,416.98,155.55,52.337,118.76,-1,-1,-1,-1
82,21,421.45,157.75,52.352,118.79,-1,-1,-1,-1
83,21,426.54,159.76,52.32,118.72,-1,-1,-1,-1
84,21,433.29,159.53,52.282,118.63,-1,-1,-1,-1
85,21,440.43,156.73,52.283,118.63,-1,-1,-1,-1
86,21,447.01,156.42,52.454,119.02,-1,-1,-1,-1
87,21,451.55,158.1,53.146,120.59,-1,-1,-1,-1
88,21,458.58,155.38,55.106,125.04,-1,-1,-1,-1
89,21,468.48,157.4,54.622,123.94,-1,-1,-1,-1
90,21,473.46,153.63,57.491,130.46,-1,-1,-1,-1
91,21,478.96,152.34,60.752,137.86,-1,-1,-1,-1
92,21,482.09,151.56,62.066,140.85,-1,-1,-1,-1
93,21,486.13,150.8,62.493,141.81,-1,-1,-1,-1
94,21,496.47,158.03,56.632,128.51,-1,-1,-1,-1
95,21,505.59,159.28,56.852,129.01,-1,-1,-1,-1
96,21,510.93,158.46,57.87,131.32,-1,-1,-1,-1
97,21,517.94,154.98,60.496,137.28,-1,-1,-1,-1
98,21,524.04,153.33,62.093,140.91,-1,-1,-1,-1
99,21,535.2,151.48,64.596,146.59,-1,-1,-1,-1
100,21,543.6,147.67,70.425,159.81,-1,-1,-1,-1
101,21,550.11,147.48,71.097,161.33,-1,-1,-1,-1
102,21,569.63,156.27,62.97,142.89,-1,-1,-1,-1
103,21,578.88,158.85,62.754,142.41,-1,-1,-1,-1
104,21,590.36,156.33,65.33,148.25,-1,-1,-1,-1
105,21,598.31,154.95,66.538,150.99,-1,-1,-1,-1
106,21,610.72,153.37,67.55,153.29,-1,-1,-1,-1
107,21,616.44,148.72,70.354,159.65,-1,-1,-1,-1
108,21,624.2,146.62,69.809,158.41,-1,-1,-1,-1
109,21,631.01,145.33,72.978,165.6,-1,-1,-1,-1
110,21,643.47,143.21,75.444,171.19,-1,-1,-1,-1
111,21,660.74,149.81,70.837,160.74,-1,-1,-1,-1
112,21,672.38,149.85,71.44,162.11,-1,-1,-1,-1
113,21,685.32,152.03,71.16,161.48,-1,-1,-1,-1
114,21,693.53,144.53,75.919,172.28,-1,-1,-1,-1
115,21,703.97,141.27,78.333,177.75,-1,-1,-1,-1
116,21,717.58,144.49,76.84,174.37,-1,-1,-1,-1
117,21,733.79,151.42,71.616,162.51,-1,-1,-1,-1
118,21,744.63,151.6,73.981,167.88,-1,-1,-1,-1
119,21,754.15,149,79.037,179.35,-1,-1,-1,-1
120,21,765.45,145.81,83.708,189.95,-1,-1,-1,-1
121,21,783.32,143.26,84.855,192.55,-1,-1,-1,-1
122,21,803.76,145.86,84.634,192.05,-1,-1,-1,-1
123,21,815.56,148.19,82.65,187.55,-1,-1,-1,-1
124,21,829.83,147.94,83.668,189.86,-1,-1,-1,-1
125,21,848.29,148.84,82.555,187.33,-1,-1,-1,-1
126,21,864.81,147.55,84.583,191.94,-1,-1,-1,-1
127,21,881.48,147.08,85.357,193.69,-1,-1,-1,-1
128,21,901.01,147.05,85.553,194.14,-1,-1,-1,-1
129,21,916.81,147.26,85.535,194.1,-1,-1,-1,-1
130,21,931.59,147.66,85.52,194.06,-1,-1,-1,-1
131,21,946.95,148.29,85.812,194.73,-1,-1,-1,-1
132,21,965.08,149.29,87.123,197.7,-1,-1,-1,-1
133,21,982.4,150.76,88.881,201.69,-1,-1,-1,-1
134,21,997.38,140.85,95.791,217.37,-1,-1,-1,-1
135,21,1011.2,137.41,102.03,231.53,-1,-1,-1,-1
136,21,1034.7,136.88,102.17,231.85,-1,-1,-1,-1
137,21,1060.8,140.2,100.48,228.01,-1,-1,-1,-1
138,21,1087.1,144.61,98.32,223.12,-1,-1,-1,-1
139,21,1111.6,148.9,96.203,218.31,-1,-1,-1,-1
3,23,289.09,161.61,33.815,76.728,-1,-1,-1,-1
4,23,287.36,161.11,33.448,75.895,-1,-1,-1,-1
5,23,285.29,160.5,33.018,74.919,-1,-1,-1,-1
6,23,283.1,159.84,32.574,73.912,-1,-1,-1,-1
7,23,280.87,159.15,32.131,72.908,-1,-1,-1,-1
8,23,278.69,158.46,31.698,71.925,-1,-1,-1,-1
9,23,276.65,157.78,31.294,71.011,-1,-1,-1,-1
10,23,275.02,157.1,30.978,70.293,-1,-1,-1,-1
11,23,274.45,156.47,30.868,70.044,-1,-1,-1,-1
12,23,274.46,155.43,30.723,69.715,-1,-1,-1,-1
13,23,275.14,155.6,30.237,68.613,-1,-1,-1,-1
14,23,277.17,159.73,28.88,65.534,-1,-1,-1,-1
15,23,278.31,161.29,28.384,64.408,-1,-1,-1,-1
16,23,279.7,161.84,28.239,64.079,-1,-1,-1,-1
17,23,278.76,162.03,28.215,64.026,-1,-1,-1,-1
18,23,278.59,162.07,28.274,64.159,-1,-1,-1,-1
19,23,278.99,161.9,28.554,64.794,-1,-1,-1,-1
20,23,280.27,161.24,29.45,66.826,-1,-1,-1,-1
21,23,283.8,159.55,31.729,71.995,-1,-1,-1,-1
22,23,281.71,161.58,30.85,70.002,-1,-1,-1,-1
23,23,282.49,163.4,29.816,67.657,-1,-1,-1,-1
24,23,283.51,161.82,30.978,70.292,-1,-1,-1,-1
25,23,285.13,160.03,32.311,73.317,-1,-1,-1,-1
26,23,287.35,162.15,31.339,71.113,-1,-1,-1,-1
27,23,289,164.41,30.867,70.041,-1,-1,-1,-1
28,23,291.62,163.77,30.68,69.616,-1,-1,-1,-1
29,23,292.7,164.36,30.821,69.934,-1,-1,-1,-1
30,23,291.11,158.3,34.352,77.943,-1,-1,-1,-1
31,23,292.37,157.96,33.985,77.112,-1,-1,-1,-1
32,23,296.44,159.41,33.042,74.975,-1,-1,-1,-1
33,23,301.19,163.6,30.995,70.33,-1,-1,-1,-1
34,23,302.75,160.33,32.576,73.917,-1,-1,-1,-1
35,23,306.39,160.99,32.365,73.438,-1,-1,-1,-1
36,23,310.82,166.42,29.98,68.03,-1,-1,-1,-1
37,23,312.81,167.54,29.916,67.883,-1,-1,-1,-1
38,23,315.53,168.85,29.233,66.333,-1,-1,-1,-1
39,23,316.41,168.01,30.357,68.884,-1,-1,-1,-1
40,23,316.5,167.56,31.541,71.571,-1,-1,-1,-1
41,23,315.83,162.88,34.111,77.4,-1,-1,-1,-1
42,23,315.03,158.95,37.053,84.079,-1,-1,-1,-1
43,23,314.74,156.26,39.351,89.294,-1,-1,-1,-1
44,23,316.11,156.6,39.297,89.169,-1,-1,-1,-1
45,23,320.54,160.36,36.79,83.477,-1,-1,-1,-1
46,23,329.06,165.37,33.291,75.542,-1,-1,-1,-1
47,23,334.89,169.82,29.887,67.819,-1,-1,-1,-1
48,23,341,172.42,29.532,67.012,-1,-1,-1,-1
49,23,345.84,173.34,30.528,69.273,-1,-1,-1,-1
50,23,346.74,171.33,32.281,73.253,-1,-1,-1,-1
51,23,348.23,170.12,33.297,75.56,-1,-1,-1,-1
52,23,355.26,173.85,31.66,71.841,-1,-1,-1,-1
53,23,358.62,175.36,30.887,70.086,-1,-1,-1,-1
54,23,365.59,175.88,30.442,69.075,-1,-1,-1,-1
55,23,373.15,175.86,30.419,69.022,-1,-1,-1,-1
56,23,378.85,175.14,31.382,71.208,-1,-1,-1,-1
57,23,383.35,173.47,33.324,75.613,-1,-1,-1,-1
58,23,387.08,171.87,35.042,79.515,-1,-1,-1,-1
59,23,388.71,168.56,38.44,87.229,-1,-1,-1,-1
60,23,390.52,165.7,41.366,93.87,-1,-1,-1,-1
61,23,395.03,165.92,41.167,93.414,-1,-1,-1,-1
62,23,400.33,167.03,40.096,90.986,-1,-1,-1,-1
63,23,406.29,168.7,38.461,87.275,-1,-1,-1,-1
64,23,412.2,170.2,37.025,84.015,-1,-1,-1,-1
65,23,418.33,171.68,35.593,80.763,-1,-1,-1,-1
66,23,421.29,170.52,37.029,84.018,-1,-1,-1,-1
67,23,425.54,168.67,38.631,87.656,-1,-1,-1,-1
68,23,430.85,169.44,37.845,85.867,-1,-1,-1,-1
69,23,436.27,169,37.554,85.209,-1,-1,-1,-1
70,23,441.37,167.27,37.156,84.31,-1,-1,-1,-1
71,23,451.7,167.51,32.244,73.165,-1,-1,-1,-1
72,23,459.49,167.57,29.371,66.646,-1,-1,-1,-1
73,23,465.15,167.69,28.936,65.662,-1,-1,-1,-1
74,23,470.52,168.36,30.189,68.505,-1,-1,-1,-1
75,23,474.82,168.71,31.548,71.586,-1,-1,-1,-1
76,23,481.44,171.71,29.777,67.568,-1,-1,-1,-1
77,23,487.29,170.79,30.033,68.148,-1,-1,-1,-1
78,23,492.79,168.41,31.095,70.558,-1,-1,-1,-1
79,23,498.14,165.91,32.214,73.097,-1,-1,-1,-1
80,23,503.4,164.55,32.688,74.173,-1,-1,-1,-1
81,23,508.43,166.43,31.428,71.314,-1,-1,-1,-1
82,23,515.79,167.3,31.189,70.771,-1,-1,-1,-1
83,23,523.13,167.55,32.138,72.923,-1,-1,-1,-1
84,23,528.25,167.38,35.284,80.057,-1,-1,-1,-1
85,23,533.87,168.99,36.364,82.505,-1,-1,-1,-1
86,23,539.4,168.41,36.943,83.822,-1,-1,-1,-1
87,23,543.79,167.78,41.883,95.032,-1,-1,-1,-1
88,23,549.43,166.66,44.314,100.55,-1,-1,-1,-1
89,23,554.99,164.04,46.555,105.64,-1,-1,-1,-1
90,23,561.41,163.1,45.672,103.64,-1,-1,-1,-1
91,23,566.64,163.87,46.176,104.78,-1,-1,-1,-1
92,23,577.44,166.26,43.081,97.753,-1,-1,-1,-1
93,23,589.13,166.56,38.75,87.92,-1,-1,-1,-1
94,23,598.54,166.24,37.19,84.378,-1,-1,-1,-1
95,23,604.14,165.14,36.73,83.335,-1,-1,-1,-1
96,23,611.7,168.49,36.62,83.085,-1,-1,-1,-1
97,23,617.79,173.64,36.738,83.353,-1,-1,-1,-1
98,23,622.34,174.27,37.578,85.266,-1,-1,-1,-1
99,23,624.58,169.25,43.784,99.349,-1,-1,-1,-1
100,23,633.92,164.01,47.754,108.36,-1,-1,-1,-1
101,23,645.19,164.9,43.474,98.651,-1,-1,-1,-1
102,23,659.18,164.41,36.98,83.912,-1,-1,-1,-1
103,23,671.59,169.28,35.449,80.436,-1,-1,-1,-1
104,23,678.81,168.27,37.418,84.907,-1,-1,-1,-1
105,23,686.8,168.1,37.04,84.048,-1,-1,-1,-1
106,23,694.96,167.19,41.46,94.078,-1,-1,-1,-1
107,23,701.43,166.83,46.84,106.28,-1,-1,-1,-1
108,23,712.31,167.32,43.133,97.869,-1,-1,-1,-1
109,23,725.39,167.63,37.475,85.031,-1,-1,-1,-1
110,23,735.34,166.92,36.89,83.7,-1,-1,-1,-1
111,23,747.49,166.4,36.849,83.604,-1,-1,-1,-1
112,23,760.35,166.32,36.634,83.117,-1,-1,-1,-1
113,23,773,167.16,35.518,80.586,-1,-1,-1,-1
114,23,786.17,169.95,32.245,73.166,-1,-1,-1,-1
115,23,799.33,170.93,31.069,70.499,-1,-1,-1,-1
116,23,812.46,171.14,30.763,69.805,-1,-1,-1,-1
117,23,825.6,171.11,30.741,69.755,-1,-1,-1,-1
118,23,838.77,171.05,30.779,69.841,-1,-1,-1,-1
119,23,851.96,171,30.811,69.915,-1,-1,-1,-1
120,23,865.16,170.98,30.829,69.956,-1,-1,-1,-1
121,23,878.38,170.96,30.837,69.973,-1,-1,-1,-1
122,23,891.6,170.96,30.84,69.981,-1,-1,-1,-1
123,23,904.82,170.96,30.842,69.985,-1,-1,-1,-1
124,23,918.05,170.96,30.845,69.991,-1,-1,-1,-1
125,23,931.29,170.98,30.849,70.001,-1,-1,-1,-1
126,23,944.59,171.04,30.853,70.009,-1,-1,-1,-1
127,23,958.04,171.21,30.842,69.985,-1,-1,-1,-1
128,23,971.87,171.72,30.777,69.837,-1,-1,-1,-1
129,23,986.71,173.11,30.561,69.347,-1,-1,-1,-1
130,23,1001.9,174.82,30.291,68.733,-1,-1,-1,-1
131,23,1017.3,176.66,30.006,68.088,-1,-1,-1,-1
132,23,1032.7,178.53,29.72,67.44,-1,-1,-1,-1
133,23,1048.2,180.41,29.436,66.796,-1,-1,-1,-1
134,23,1063.6,182.29,29.154,66.155,-1,-1,-1,-1
135,23,1079,184.14,28.872,65.516,-1,-1,-1,-1
136,23,1094.2,185.92,28.591,64.878,-1,-1,-1,-1
137,23,1109.1,187.5,28.31,64.24,-1,-1,-1,-1
13,32,243.04,158.16,28.31,64.24,-1,-1,-1,-1
14,32,243.24,160.52,28.31,64.24,-1,-1,-1,-1
15,32,243.81,161.43,28.31,64.24,-1,-1,-1,-1
16,32,244.52,161.78,28.31,64.24,-1,-1,-1,-1
17,32,245.27,161.92,28.31,64.24,-1,-1,-1,-1
18,32,246,161.99,28.31,64.239,-1,-1,-1,-1
19,32,246.64,162.06,28.309,64.237,-1,-1,-1,-1
20,32,247.05,162.2,28.306,64.23,-1,-1,-1,-1
21,32,247.61,162.56,28.299,64.216,-1,-1,-1,-1
22,32,248.91,163.48,28.29,64.195,-1,-1,-1,-1
23,32,250.56,164.53,28.285,64.183,-1,-1,-1,-1
24,32,252.53,165.38,28.314,64.25,-1,-1,-1,-1
25,32,255.07,165.47,28.471,64.605,-1,-1,-1,-1
26,32,256.69,164.82,28.967,65.731,-1,-1,-1,-1
27,32,258.06,163.89,29.564,67.084,-1,-1,-1,-1
28,32,259.63,162.9,30.097,68.293,-1,-1,-1,-1
29,32,262,162.01,30.35,68.868,-1,-1,-1,-1
30,32,266.54,161.32,29.939,67.936,-1,-1,-1,-1
31,32,268.55,159.63,31.467,71.402,-1,-1,-1,-1
32,32,269.61,161.53,29.767,67.545,-1,-1,-1,-1
33,32,271.14,162.52,29.936,67.929,-1,-1,-1,-1
34,32,274.8,163.82,29.406,66.726,-1,-1,-1,-1
35,32,274.88,161.91,30.87,70.047,-1,-1,-1,-1
36,32,275.69,159.36,32.862,74.565,-1,-1,-1,-1
37,32,276.91,156.79,34.889,79.161,-1,-1,-1,-1
38,32,278.64,154.72,36.523,82.866,-1,-1,-1,-1
39,32,281.44,154.15,37.011,83.973,-1,-1,-1,-1
40,32,283.03,154.33,36.997,83.94,-1,-1,-1,-1
41,32,284.92,155.25,36.619,83.083,-1,-1,-1,-1
42,32,288.93,157.66,35.666,80.924,-1,-1,-1,-1
43,32,292.3,159.31,35.32,80.141,-1,-1,-1,-1
44,32,291.72,157.5,37.139,84.262,-1,-1,-1,-1
45,32,298.78,158.96,37.126,84.234,-1,-1,-1,-1
46,32,304.8,159.58,37.07,84.105,-1,-1,-1,-1
47,32,309.71,159.78,37.065,84.094,-1,-1,-1,-1
48,32,312.36,159.66,37.2,84.401,-1,-1,-1,-1
49,32,315.38,159.07,37.648,85.419,-1,-1,-1,-1
50,32,316.88,157.6,38.705,87.823,-1,-1,-1,-1
51,32,321.76,159.67,37.49,85.063,-1,-1,-1,-1
52,32,325.58,161.59,36.604,83.05,-1,-1,-1,-1
53,32,332.06,165.09,35.343,80.192,-1,-1,-1,-1
54,32,338.37,165.96,36.191,82.112,-1,-1,-1,-1
55,32,343.25,167.08,35.951,81.566,-1,-1,-1,-1
56,32,351.62,169.64,34.311,77.844,-1,-1,-1,-1
57,32,351.37,167.25,34.049,77.255,-1,-1,-1,-1
58,32,354.12,169.11,34.876,79.133,-1,-1,-1,-1
59,32,357.58,165.96,37.687,85.509,-1,-1,-1,-1
60,32,361.7,162.74,41.193,93.468,-1,-1,-1,-1
61,32,367.38,162.07,40.564,92.045,-1,-1,-1,-1
62,32,371.84,163.26,39.632,89.929,-1,-1,-1,-1
63,32,379.32,166.96,37.961,86.131,-1,-1,-1,-1
64,32,379.76,165.69,38.053,86.339,-1,-1,-1,-1
65,32,379.6,163.12,40.072,90.925,-1,-1,-1,-1
66,32,383.2,162.77,41.917,95.112,-1,-1,-1,-1
67,32,388.61,164.28,40.992,93.016,-1,-1,-1,-1
68,32,394.76,163.12,40.853,92.699,-1,-1,-1,-1
69,32,401.75,164.03,41.449,94.048,-1,-1,-1,-1
70,32,408.88,167.61,39.213,88.973,-1,-1,-1,-1
71,32,416.42,166.54,40.289,91.418,-1,-1,-1,-1
72,32,421.15,164.35,42.066,95.449,-1,-1,-1,-1
73,32,425.16,164.61,42.097,95.522,-1,-1,-1,-1
74,32,428.96,161.47,44.963,102.02,-1,-1,-1,-1
75,32,432.84,157.86,49.024,111.24,-1,-1,-1,-1
76,32,437.76,160.65,47.541,107.88,-1,-1,-1,-1
77,32,445.09,161.36,44.286,100.5,-1,-1,-1,-1
78,32,453.07,160.96,42.413,96.243,-1,-1,-1,-1
79,32,460.97,160.11,45.716,103.74,-1,-1,-1,-1
80,32,472.3,164.35,45.72,103.73,-1,-1,-1,-1
81,32,479.89,167.42,41.83,94.909,-1,-1,-1,-1
82,32,481.91,165.76,44.539,101.06,-1,-1,-1,-1
83,32,482.48,159.94,48.882,110.92,-1,-1,-1,-1
84,32,485.31,161.65,48.396,109.82,-1,-1,-1,-1
85,32,487.93,163.05,48.587,110.26,-1,-1,-1,-1
86,32,490.45,163.13,49.491,112.31,-1,-1,-1,-1
87,32,495.43,161.93,52.063,118.14,-1,-1,-1,-1
88,32,499.44,161.63,53.479,121.35,-1,-1,-1,-1
89,32,513.04,165.07,49.262,111.79,-1,-1,-1,-1
90,32,522.75,164.34,48.739,110.6,-1,-1,-1,-1
91,32,529.93,162.96,49.653,112.67,-1,-1,-1,-1
92,32,536.13,161.83,50.722,115.1,-1,-1,-1,-1
93,32,542.16,161.52,51.428,116.7,-1,-1,-1,-1
94,32,548.28,161.54,51.928,117.83,-1,-1,-1,-1
95,32,554.84,161.72,52.191,118.43,-1,-1,-1,-1
96,32,562.61,162.07,51.918,117.81,-1,-1,-1,-1
97,32,571.38,162.94,50.848,115.38,-1,-1,-1,-1
98,32,580.43,163.98,49.646,112.66,-1,-1,-1,-1
99,32,589.22,164.84,49.016,111.23,-1,-1,-1,-1
100,32,596.95,164.88,50.297,114.14,-1,-1,-1,-1
101,32,602.07,163.36,56.124,127.36,-1,-1,-1,-1
102,32,615.38,165.27,54.581,123.85,-1,-1,-1,-1
103,32,625.97,161.79,55.848,126.73,-1,-1,-1,-1
104,32,636.38,157.32,61.32,139.15,-1,-1,-1,-1
105,32,649.68,158.23,58.564,132.89,-1,-1,-1,-1
106,32,653.25,161,55.777,126.57,-1,-1,-1,-1
107,32,659.74,161.6,57.499,130.48,-1,-1,-1,-1
108,32,674.59,162.68,54.284,123.18,-1,-1,-1,-1
109,32,689.45,162.69,54.601,123.9,-1,-1,-1,-1
110,32,701.96,161.21,59.156,134.24,-1,-1,-1,-1
111,32,713.5,159.76,62.212,141.18,-1,-1,-1,-1
112,32,719.79,156.31,65.595,148.85,-1,-1,-1,-1
113,32,729.53,155.38,66.67,151.29,-1,-1,-1,-1
114,32,741.3,155.57,66.926,151.87,-1,-1,-1,-1
115,32,756.54,156.4,67.212,152.52,-1,-1,-1,-1
116,32,769.23,158.1,68.334,155.07,-1,-1,-1,-1
117,32,781.94,151.18,71.57,162.4,-1,-1,-1,-1
118,32,794.05,149.26,72.707,164.98,-1,-1,-1,-1
119,32,806.61,150.35,72.958,165.55,-1,-1,-1,-1
120,32,820.02,155.16,72.907,165.44,-1,-1,-1,-1
121,32,836.5,157.06,72.852,165.31,-1,-1,-1,-1
122,32,853.64,157.48,73.147,165.98,-1,-1,-1,-1
123,32,869.59,156.24,74.618,169.32,-1,-1,-1,-1
124,32,881.43,151.72,79.085,179.45,-1,-1,-1,-1
125,32,887.63,148.86,82.358,186.87,-1,-1,-1,-1
72,33,544.23,156.84,49.632,112.63,-1,-1,-1,-1
73,33,548.21,156.87,49.639,112.64,-1,-1,-1,-1
74,33,552.03,156.67,49.837,113.08,-1,-1,-1,-1
75,33,553.57,155.56,50.867,115.42,-1,-1,-1,-1
76,33,554.86,154.42,51.926,117.82,-1,-1,-1,-1
77,33,557.74,154.14,52.213,118.47,-1,-1,-1,-1
78,33,565.06,154.4,52.049,118.1,-1,-1,-1,-1
79,33,576.05,155.3,51.423,116.69,-1,-1,-1,-1
80,33,586.09,155.76,51.124,116.01,-1,-1,-1,-1
81,33,589.72,154.33,52.194,118.44,-1,-1,-1,-1
82,33,597.37,153.05,53.322,121,-1,-1,-1,-1
83,33,606.16,152.38,54.21,123.01,-1,-1,-1,-1
84,33,614.98,152.8,54.132,122.83,-1,-1,-1,-1
85,33,620.88,151.54,56.315,127.79,-1,-1,-1,-1
86,33,625.33,151.63,56.883,129.08,-1,-1,-1,-1
87,33,632.9,153.4,56.181,127.48,-1,-1,-1,-1
88,33,642.09,158.48,53.638,121.71,-1,-1,-1,-1
89,33,651.5,159.56,52.816,119.85,-1,-1,-1,-1
90,33,662.59,157.86,52.777,119.76,-1,-1,-1,-1
91,33,678.84,160.12,48.81,110.76,-1,-1,-1,-1
92,33,679.31,155.71,52.141,118.31,-1,-1,-1,-1
93,33,684.79,151.72,56.442,128.07,-1,-1,-1,-1
94,33,694.74,150.13,59.115,134.14,-1,-1,-1,-1
95,33,706.77,147.89,63.502,144.1,-1,-1,-1,-1
96,33,719.81,150.82,62.556,141.96,-1,-1,-1,-1
97,33,725.11,152.09,62.03,140.77,-1,-1,-1,-1
98,33,736.69,152.27,62.035,140.78,-1,-1,-1,-1
99,33,746.96,151.21,62.852,142.63,-1,-1,-1,-1
100,33,757.25,147.97,65.211,147.98,-1,-1,-1,-1
101,33,766.45,148.75,65.019,147.55,-1,-1,-1,-1
102,33,776.09,150.97,63.898,145.01,-1,-1,-1,-1
103,33,787.91,153.03,62.928,142.8,-1,-1,-1,-1
104,33,802.36,153.97,64.247,145.8,-1,-1,-1,-1
105,33,816.59,154.22,66.144,150.1,-1,-1,-1,-1
106,33,827.52,153.48,67.498,153.17,-1,-1,-1,-1
107,33,834.92,150.71,69.941,158.71,-1,-1,-1,-1
108,33,841.99,147.53,72.506,164.53,-1,-1,-1,-1
109,33,852.46,145.28,74.258,168.5,-1,-1,-1,-1
110,33,864.8,141.65,76.992,174.71,-1,-1,-1,-1
111,33,880.95,144.46,74.837,169.82,-1,-1,-1,-1
112,33,893.99,144.12,75.091,170.39,-1,-1,-1,-1
113,33,904.87,140.06,78.236,177.53,-1,-1,-1,-1
114,33,922.4,140.37,78.164,177.36,-1,-1,-1,-1
115,33,938.99,145.13,75,170.19,-1,-1,-1,-1
116,33,954.03,146.42,75.307,170.88,-1,-1,-1,-1
117,33,970.39,145.15,79.726,180.91,-1,-1,-1,-1
118,33,983.38,139.28,83.318,189.06,-1,-1,-1,-1
119,33,996.7,140.55,82.985,188.31,-1,-1,-1,-1
120,33,1010.2,149.2,79.299,179.94,-1,-1,-1,-1
121,33,1024.7,145.85,84.764,192.35,-1,-1,-1,-1
122,33,1041,141.28,89.405,202.88,-1,-1,-1,-1
123,33,1058.7,139.06,91.892,208.52,-1,-1,-1,-1
124,33,1079,144.94,86.76,196.88,-1,-1,-1,-1
125,33,1103,150.13,81.55,185.05,-1,-1,-1,-1
1,45,312.17,161.93,30.842,69.986,-1,-1,-1,-1
2,45,312.52,161.46,31.147,70.676,-1,-1,-1,-1
3,45,313.48,160.3,31.904,72.394,-1,-1,-1,-1
4,45,314.8,159.28,32.555,73.871,-1,-1,-1,-1
5,45,316.65,159.49,32.377,73.466,-1,-1,-1,-1
6,45,319.57,162.89,30.114,68.332,-1,-1,-1,-1
7,45,320.78,162.25,30.465,69.13,-1,-1,-1,-1
8,45,321.68,161.38,30.863,70.033,-1,-1,-1,-1
9,45,323.16,159.44,31.689,71.906,-1,-1,-1,-1
10,45,321.72,154.56,33.73,76.533,-1,-1,-1,-1
11,45,320.38,152.86,35.116,79.674,-1,-1,-1,-1
12,45,323.19,156.51,33.325,75.609,-1,-1,-1,-1
13,45,326.09,159.93,31.741,72.021,-1,-1,-1,-1
14,45,328.88,160.58,31.691,71.91,-1,-1,-1,-1
15,45,329.41,159.24,33.004,74.889,-1,-1,-1,-1
16,45,332.7,160.68,33.002,74.883,-1,-1,-1,-1
17,45,337.09,161.46,31.565,71.624,-1,-1,-1,-1
18,45,338.58,161.51,31.019,70.385,-1,-1,-1,-1
19,45,338.65,160.9,30.836,69.971,-1,-1,-1,-1
20,45,337.48,159.17,30.673,69.601,-1,-1,-1,-1
21,45,343,164.81,30.21,68.55,-1,-1,-1,-1
22,45,346.7,168.41,28.993,65.79,-1,-1,-1,-1
23,45,349.95,169.83,28.977,65.754,-1,-1,-1,-1
24,45,353.04,170.26,29.47,66.873,-1,-1,-1,-1
25,45,356.07,169.97,30.256,68.655,-1,-1,-1,-1
26,45,359.08,168.4,31.515,71.51,-1,-1,-1,-1
27,45,362.06,163.74,33.852,76.811,-1,-1,-1,-1
28,45,364.34,161.16,35.888,81.428,-1,-1,-1,-1
29,45,368.55,160.83,35.823,81.28,-1,-1,-1,-1
30,45,373.33,161.3,35.074,79.583,-1,-1,-1,-1
31,45,377.85,161.72,34.514,78.312,-1,-1,-1,-1
32,45,381.07,161.39,35.037,79.497,-1,-1,-1,-1
33,45,384.01,160.91,35.869,81.383,-1,-1,-1,-1
34,45,387.45,160.9,36.417,82.627,-1,-1,-1,-1
35,45,392.66,162.34,35.899,81.453,-1,-1,-1,-1
36,45,398.34,163.97,35.157,79.769,-1,-1,-1,-1
37,45,403.64,164.66,34.867,79.113,-1,-1,-1,-1
38,45,407.45,162.64,35.915,81.488,-1,-1,-1,-1
39,45,411.04,163.89,35.316,80.129,-1,-1,-1,-1
40,45,414.38,165.91,34.256,77.727,-1,-1,-1,-1
41,45,417.17,166.84,33.583,76.201,-1,-1,-1,-1
42,45,422.23,167.71,32.559,73.878,-1,-1,-1,-1
43,45,428.52,169.12,30.372,68.917,-1,-1,-1,-1
44,45,432.56,167.79,31.9,72.382,-1,-1,-1,-1
45,45,433.67,166,35.591,80.754,-1,-1,-1,-1
46,45,437.75,164.76,37.361,84.769,-1,-1,-1,-1
47,45,442.98,163.07,38.79,88.015,-1,-1,-1,-1
48,45,447.85,164.84,37.617,85.349,-1,-1,-1,-1
49,45,452.83,165.89,36.649,83.153,-1,-1,-1,-1
50,45,456.76,167.03,35.143,79.738,-1,-1,-1,-1
51,45,460.3,167.72,35.327,80.155,-1,-1,-1,-1
52,45,464.37,170.47,33.537,76.097,-1,-1,-1,-1
53,45,470.53,169.88,32.119,72.882,-1,-1,-1,-1
54,45,472.28,166.92,36.51,82.847,-1,-1,-1,-1
55,45,476.96,165.84,37.771,85.703,-1,-1,-1,-1
56,45,481.85,165,39.422,89.452,-1,-1,-1,-1
57,45,488.16,163.29,39.331,89.246,-1,-1,-1,-1
58,45,496.15,164.88,37.515,85.118,-1,-1,-1,-1
59,45,500.32,165.31,36.24,82.225,-1,-1,-1,-1
60,45,504.63,164.53,34.662,78.65,-1,-1,-1,-1
61,45,506.81,164.43,38.574,87.528,-1,-1,-1,-1
62,45,511.36,162.84,39.945,90.638,-1,-1,-1,-1
63,45,519.35,164.35,35.552,80.67,-1,-1,-1,-1
64,45,526.4,167.39,33.601,76.242,-1,-1,-1,-1
65,45,529.03,168.82,36.206,82.151,-1,-1,-1,-1
66,45,532.73,167.98,38.09,86.428,-1,-1,-1,-1
67,45,539.66,169.06,37.076,84.124,-1,-1,-1,-1
68,45,547.19,167.81,36.458,82.725,-1,-1,-1,-1
69,45,550.27,165.76,39.864,90.455,-1,-1,-1,-1
70,45,548.74,162.57,42.893,97.326,-1,-1,-1,-1
71,45,560,161.95,43.407,98.49,-1,-1,-1,-1
72,45,568.98,162.72,42.338,96.064,-1,-1,-1,-1
73,45,577.49,165.27,38.948,88.374,-1,-1,-1,-1
74,45,584.68,167.74,36.492,82.801,-1,-1,-1,-1
75,45,588.45,168.33,38.999,88.491,-1,-1,-1,-1
76,45,589.13,164.82,44.75,101.55,-1,-1,-1,-1
77,45,595.98,164.17,45.249,102.68,-1,-1,-1,-1
78,45,607.62,165.3,41.37,93.868,-1,-1,-1,-1
79,45,613.03,163.62,43.729,99.219,-1,-1,-1,-1
80,45,619.39,159.99,47.402,107.56,-1,-1,-1,-1
81,45,626.68,157.81,49.997,113.45,-1,-1,-1,-1
82,45,635.64,161.51,48.434,109.91,-1,-1,-1,-1
83,45,644.62,163.43,46.486,105.49,-1,-1,-1,-1
84,45,654.1,164.41,43.159,97.933,-1,-1,-1,-1
85,45,657.25,160.44,48.961,111.11,-1,-1,-1,-1
86,45,663.02,156.79,52.143,118.32,-1,-1,-1,-1
87,45,666.82,158.08,53.245,120.82,-1,-1,-1,-1
88,45,681.06,160.94,47.263,107.24,-1,-1,-1,-1
89,45,694.62,164.34,41.882,95.036,-1,-1,-1,-1
90,45,707.55,167.19,37.838,85.858,-1,-1,-1,-1
91,45,714.14,166,41.568,94.324,-1,-1,-1,-1
92,45,718.63,163.71,47.069,106.81,-1,-1,-1,-1
93,45,723.51,160.63,51.889,117.74,-1,-1,-1,-1
1,51,278.82,158.14,30.365,68.902,-1,-1,-1,-1
2,51,278.54,160.37,29.49,66.917,-1,-1,-1,-1
3,51,278.59,160.26,30.427,69.043,-1,-1,-1,-1
4,51,278.28,158.23,31.116,70.606,-1,-1,-1,-1
5,51,277.3,157.32,32.191,73.043,-1,-1,-1,-1
6,51,276.85,157,32.885,74.619,-1,-1,-1,-1
7,51,278.59,157.13,32.213,73.094,-1,-1,-1,-1
8,51,279.85,156.93,33.326,75.619,-1,-1,-1,-1
9,51,281.14,156.87,33.748,76.577,-1,-1,-1,-1
10,51,283.79,156.89,33.866,76.844,-1,-1,-1,-1
11,51,285.4,156.94,33.874,76.861,-1,-1,-1,-1
12,51,287.53,156.99,33.848,76.802,-1,-1,-1,-1
13,51,287.27,157.04,33.819,76.736,-1,-1,-1,-1
14,51,289.35,157.05,33.825,76.751,-1,-1,-1,-1
15,51,290.78,156.91,33.983,77.109,-1,-1,-1,-1
16,51,292.92,156.32,34.595,78.496,-1,-1,-1,-1
17,51,291.9,154.65,36.294,82.347,-1,-1,-1,-1
18,51,294.06,154.06,36.916,83.756,-1,-1,-1,-1
19,51,295.56,153.95,37.085,84.14,-1,-1,-1,-1
20,51,297.87,154.1,37.068,84.102,-1,-1,-1,-1
21,51,303.28,154.63,36.87,83.653,-1,-1,-1,-1
22,51,306.18,156.13,36.256,82.262,-1,-1,-1,-1
23,51,309.43,159.97,34.716,78.769,-1,-1,-1,-1
24,51,310.85,161.01,34.714,78.765,-1,-1,-1,-1
25,51,311.87,160.26,36.25,82.246,-1,-1,-1,-1
26,51,312.93,159.95,36.857,83.623,-1,-1,-1,-1
27,51,315.16,159.86,37.051,84.062,-1,-1,-1,-1
28,51,318.26,159.85,37.085,84.14,-1,-1,-1,-1
29,51,322.82,159.87,37.015,83.982,-1,-1,-1,-1
30,51,327.4,160.01,36.717,83.305,-1,-1,-1,-1
31,51,330.6,160.48,35.83,81.294,-1,-1,-1,-1
32,51,335.5,161.51,33.701,76.468,-1,-1,-1,-1
33,51,335.32,160.52,35.786,81.195,-1,-1,-1,-1
34,51,336.59,160.15,36.552,82.931,-1,-1,-1,-1
35,51,340.73,160.3,36.539,82.903,-1,-1,-1,-1
36,51,345.75,160.86,35.97,81.613,-1,-1,-1,-1
37,51,349.8,160.56,36.553,82.939,-1,-1,-1,-1
38,51,350.33,157.93,40.618,92.163,-1,-1,-1,-1
39,51,354.18,159.19,39.846,90.412,-1,-1,-1,-1
40,51,361.87,159.92,37.604,85.321,-1,-1,-1,-1
41,51,368.65,160.88,35.694,80.987,-1,-1,-1,-1
42,51,375.12,162.69,32.506,73.757,-1,-1,-1,-1
43,51,377.96,163.33,32.637,74.056,-1,-1,-1,-1
44,51,380.02,163.5,36.169,82.067,-1,-1,-1,-1
45,51,382.3,161.43,38.615,87.621,-1,-1,-1,-1
46,51,385.59,161.2,38.263,86.825,-1,-1,-1,-1
47,51,392.92,161.97,35.302,80.106,-1,-1,-1,-1
48,51,395.39,160.77,38.525,87.421,-1,-1,-1,-1
49,51,399.48,159.69,39.81,90.337,-1,-1,-1,-1
50,51,405.64,159.87,39.98,90.722,-1,-1,-1,-1
51,51,412.44,160.56,39.269,89.105,-1,-1,-1,-1
52,51,418.95,161.29,37.242,84.501,-1,-1,-1,-1
53,51,424.1,162.51,36.157,82.042,-1,-1,-1,-1
54,51,426.61,162.42,38.981,88.454,-1,-1,-1,-1
55,51,430.68,163.49,40.844,92.68,-1,-1,-1,-1
56,51,434.5,161.02,43.39,98.457,-1,-1,-1,-1
57,51,438.32,158.55,44.708,101.45,-1,-1,-1,-1
58,51,445.27,160.27,41.073,93.194,-1,-1,-1,-1
59,51,448.84,160.61,42.942,97.435,-1,-1,-1,-1
60,51,452.19,159.21,44.324,100.57,-1,-1,-1,-1
61,51,458.84,155.06,46.226,104.9,-1,-1,-1,-1
62,51,466.93,158.18,45.105,102.35,-1,-1,-1,-1
63,51,473.05,157.51,45.296,102.79,-1,-1,-1,-1
64,51,479.5,158.87,42.123,95.582,-1,-1,-1,-1
65,51,482.48,156.77,46.093,104.6,-1,-1,-1,-1
66,51,488.3,156.08,47.377,107.51,-1,-1,-1,-1
67,51,495.01,156.7,46.742,106.07,-1,-1,-1,-1
68,51,502.19,158.89,43.847,99.491,-1,-1,-1,-1
69,51,508.15,156.89,42.005,95.311,-1,-1,-1,-1
70,51,510.03,154.89,47.701,108.25,-1,-1,-1,-1
71,51,512.43,152.7,52.07,118.16,-1,-1,-1,-1
72,51,520.19,156.38,47.54,107.88,-1,-1,-1,-1
73,51,531.94,162.04,40.908,92.82,-1,-1,-1,-1
74,51,540.96,162.02,39.649,89.96,-1,-1,-1,-1
75,51,550.01,161.71,37.644,85.409,-1,-1,-1,-1
76,51,557.69,162.2,37.062,84.087,-1,-1,-1,-1
77,51,564.87,162.88,36.966,83.87,-1,-1,-1,-1
78,51,571.92,163.38,36.857,83.623,-1,-1,-1,-1
79,51,579.05,163.1,36.267,82.285,-1,-1,-1,-1
80,51,586.51,160.5,34.396,78.045,-1,-1,-1,-1
57,54,285.81,154.06,37.01,83.97,-1,-1,-1,-1
58,54,291.6,154.22,37.008,83.965,-1,-1,-1,-1
59,54,294.13,154.62,37.003,83.954,-1,-1,-1,-1
60,54,295.88,155.65,36.992,83.93,-1,-1,-1,-1
61,54,297.35,156.83,36.976,83.892,-1,-1,-1,-1
62,54,298.75,157.79,36.963,83.864,-1,-1,-1,-1
63,54,300.18,157.93,37.005,83.958,-1,-1,-1,-1
64,54,301.77,155.76,37.25,84.515,-1,-1,-1,-1
65,54,305.04,155,38.058,86.351,-1,-1,-1,-1
66,54,308.64,154.7,39.06,88.63,-1,-1,-1,-1
67,54,311.52,154.37,40.086,90.963,-1,-1,-1,-1
8,61,822.17,162.56,51.622,117.13,-1,-1,-1,-1
9,61,829.24,163.78,50.168,113.84,-1,-1,-1,-1
10,61,836.8,163.86,51.558,116.99,-1,-1,-1,-1
11,61,846.78,165.92,52.128,118.28,-1,-1,-1,-1
12,61,852.19,164.15,52.306,118.69,-1,-1,-1,-1
13,61,858.38,164.72,52.329,118.74,-1,-1,-1,-1
14,61,863.48,168.1,52.301,118.67,-1,-1,-1,-1
15,61,872.53,169.58,52.279,118.63,-1,-1,-1,-1
16,61,878.47,170.47,52.354,118.79,-1,-1,-1,-1
17,61,887.17,171.5,52.764,119.72,-1,-1,-1,-1
18,61,895.16,170.76,54.197,122.97,-1,-1,-1,-1
19,61,903.75,169.75,55.449,125.82,-1,-1,-1,-1
20,61,912.44,168.88,56.273,127.69,-1,-1,-1,-1
21,61,920.03,169.18,55.859,126.76,-1,-1,-1,-1
22,61,928.37,170.33,55.29,125.46,-1,-1,-1,-1
23,61,932.18,161.08,60.075,136.32,-1,-1,-1,-1
24,61,927.89,151.62,68.864,156.26,-1,-1,-1,-1
25,61,935.31,150.07,70.662,160.34,-1,-1,-1,-1
26,61,950.81,154.86,67.311,152.75,-1,-1,-1,-1
27,61,963.68,160.07,63.94,145.1,-1,-1,-1,-1
28,61,974.82,161.76,64.252,145.8,-1,-1,-1,-1
29,61,986.79,163.11,64.743,146.92,-1,-1,-1,-1
30,61,991.04,153.82,69.828,158.45,-1,-1,-1,-1
31,61,1002.1,152.61,70.701,160.44,-1,-1,-1,-1
32,61,1012.6,149.91,72.23,163.9,-1,-1,-1,-1
33,61,1028.4,151.45,71.884,163.12,-1,-1,-1,-1
34,61,1043.4,158.62,69.44,157.57,-1,-1,-1,-1
35,61,1058,166.38,66.924,151.86,-1,-1,-1,-1
36,61,1072,169.94,66.555,151.03,-1,-1,-1,-1
37,61,1084.9,160.9,72.222,163.88,-1,-1,-1,-1
38,61,1096.8,154.42,77.419,175.67,-1,-1,-1,-1
39,61,1109.2,153.88,78.351,177.78,-1,-1,-1,-1
40,61,1120.4,151,80.407,182.45,-1,-1,-1,-1
1,64,342.45,160.32,58.624,133.03,-1,-1,-1,-1
2,64,324.6,157.84,64.353,146.03,-1,-1,-1,-1
3,64,303.28,158.7,67.337,152.8,-1,-1,-1,-1
4,64,278.12,163.26,70.98,161.07,-1,-1,-1,-1
5,64,250.75,167.77,74.331,168.67,-1,-1,-1,-1
6,64,218.21,169.63,79.485,180.36,-1,-1,-1,-1
7,64,184.66,167.78,83.208,188.81,-1,-1,-1,-1
8,64,153.85,160.58,89.042,202.05,-1,-1,-1,-1
9,64,134.68,168.33,84.158,190.97,-1,-1,-1,-1
1,65,797.7,168.23,33.79,76.67,-1,-1,-1,-1
2,65,800.24,168.3,35.766,81.155,-1,-1,-1,-1
3,65,801.6,168.38,40.793,92.568,-1,-1,-1,-1
4,65,803,164.54,45.801,103.94,-1,-1,-1,-1
5,65,810.06,164.69,45.333,102.87,-1,-1,-1,-1
6,65,817.06,168.36,39.086,88.687,-1,-1,-1,-1
7,65,823.4,169.97,34.388,78.025,-1,-1,-1,-1
152,67,206.39,152.89,28.336,64.299,-1,-1,-1,-1
153,67,202.77,152.49,28.551,64.787,-1,-1,-1,-1
154,67,198.4,152.01,28.802,65.357,-1,-1,-1,-1
155,67,193.74,151.51,29.062,65.946,-1,-1,-1,-1
156,67,188.98,151,29.322,66.536,-1,-1,-1,-1
157,67,184.18,150.49,29.583,67.128,-1,-1,-1,-1
158,67,179.38,149.99,29.847,67.726,-1,-1,-1,-1
159,67,174.6,149.49,30.109,68.323,-1,-1,-1,-1
160,67,169.9,149.05,30.348,68.863,-1,-1,-1,-1
161,67,165.45,148.8,30.486,69.176,-1,-1,-1,-1
162,67,161.65,149.06,30.332,68.828,-1,-1,-1,-1
163,67,159.48,150.58,29.507,66.956,-1,-1,-1,-1
164,67,156.54,149.26,30.249,68.638,-1,-1,-1,-1
165,67,155.19,149.54,30.106,68.315,-1,-1,-1,-1
166,67,154.13,151.78,28.865,65.499,-1,-1,-1,-1
167,67,150.97,152.47,28.476,64.617,-1,-1,-1,-1
168,67,147.48,152.15,28.658,65.03,-1,-1,-1,-1
169,67,144.22,150.6,29.533,67.016,-1,-1,-1,-1
170,67,141.14,149.22,30.304,68.764,-1,-1,-1,-1
171,67,138.33,149.56,30.11,68.325,-1,-1,-1,-1
172,67,135.66,150.52,29.56,67.077,-1,-1,-1,-1
173,67,133.07,151.48,29.004,65.814,-1,-1,-1,-1
174,67,130.58,151.85,28.797,65.346,-1,-1,-1,-1
175,67,128.34,150.48,29.588,67.14,-1,-1,-1,-1
176,67,125.72,148.82,30.635,69.515,-1,-1,-1,-1
177,67,121.74,148.04,31.439,71.34,-1,-1,-1,-1
178,67,117.25,147.62,32.125,72.895,-1,-1,-1,-1
179,67,112.62,147.44,32.704,74.207,-1,-1,-1,-1
180,67,108.09,147.68,33,74.878,-1,-1,-1,-1
181,67,104.04,149.01,32.505,73.757,-1,-1,-1,-1
182,67,101.19,152.88,30.179,68.48,-1,-1,-1,-1
183,67,95.991,151.56,30.655,69.561,-1,-1,-1,-1
184,67,92.48,149.25,31.423,71.302,-1,-1,-1,-1
185,67,87.275,147.95,32.976,74.824,-1,-1,-1,-1
186,67,82.603,148.35,32.99,74.856,-1,-1,-1,-1
187,67,78.784,150.79,31.508,71.495,-1,-1,-1,-1
188,67,74.554,151.71,30.966,70.267,-1,-1,-1,-1
189,67,69.568,151.75,31.053,70.464,-1,-1,-1,-1
190,67,63.797,150.83,31.958,72.52,-1,-1,-1,-1
191,67,56.1,146.45,34.768,78.889,-1,-1,-1,-1
192,67,48.987,146.67,34.316,77.863,-1,-1,-1,-1
193,67,45.005,146.89,34.022,77.197,-1,-1,-1,-1
194,67,40.036,147.01,33.862,76.834,-1,-1,-1,-1
195,67,35.064,147.05,33.783,76.655,-1,-1,-1,-1
196,67,30.069,146.92,33.812,76.72,-1,-1,-1,-1
197,67,24.968,146.27,34.158,77.507,-1,-1,-1,-1
198,67,19.552,144.21,35.401,80.328,-1,-1,-1,-1
199,67,13.44,138.75,38.714,87.848,-1,-1,-1,-1
200,67,10.328,137.27,39.501,89.635,-1,-1,-1,-1
201,67,7.1714,138.49,38.387,87.108,-1,-1,-1,-1
202,67,3.9616,140.65,36.618,83.093,-1,-1,-1,-1
203,67,0.68504,143.05,34.692,78.722,-1,-1,-1,-1
204,67,-2.6442,145.44,32.766,74.351,-1,-1,-1,-1
205,67,-6.0021,147.72,30.871,70.051,-1,-1,-1,-1
167,69,181.68,152.91,28.275,64.16,-1,-1,-1,-1
168,69,180.58,152.23,28.633,64.973,-1,-1,-1,-1
169,69,177.69,150.5,29.574,67.108,-1,-1,-1,-1
170,69,174.25,148.78,30.503,69.216,-1,-1,-1,-1
171,69,170.99,148.17,30.815,69.924,-1,-1,-1,-1
172,69,168.63,147.98,30.891,70.096,-1,-1,-1,-1
173,69,164.77,147.93,30.899,70.114,-1,-1,-1,-1
174,69,160.54,147.91,30.889,70.091,-1,-1,-1,-1
175,69,156.76,147.92,30.832,69.961,-1,-1,-1,-1
176,69,154.68,148.05,30.604,69.444,-1,-1,-1,-1
177,69,152.27,148.5,29.92,67.893,-1,-1,-1,-1
178,69,149.69,149.18,29.118,66.074,-1,-1,-1,-1
179,69,146.92,150.17,28.494,64.657,-1,-1,-1,-1
180,69,143.72,151.78,28.554,64.794,-1,-1,-1,-1
181,69,140.83,151.49,29.467,66.865,-1,-1,-1,-1
182,69,135.43,149.18,32.005,72.623,-1,-1,-1,-1
183,69,131.81,149.99,31.862,72.297,-1,-1,-1,-1
184,69,128.05,149.1,32.472,73.682,-1,-1,-1,-1
185,69,123.64,151.13,30.964,70.26,-1,-1,-1,-1
186,69,120.72,152.08,29.774,67.562,-1,-1,-1,-1
187,69,116.98,150.99,31.046,70.447,-1,-1,-1,-1
188,69,113.03,148.52,32.857,74.555,-1,-1,-1,-1
189,69,109.33,148.19,33.131,75.177,-1,-1,-1,-1
190,69,107.13,149.53,32.276,73.238,-1,-1,-1,-1
191,69,103.81,147.88,33.321,75.607,-1,-1,-1,-1
192,69,101.31,147.25,33.717,76.507,-1,-1,-1,-1
193,69,97.156,147.05,33.828,76.757,-1,-1,-1,-1
194,69,92.15,146.98,33.872,76.857,-1,-1,-1,-1
195,69,87.23,146.8,34.034,77.225,-1,-1,-1,-1
196,69,82.426,146.19,34.606,78.521,-1,-1,-1,-1
197,69,77.968,144.59,36.113,81.937,-1,-1,-1,-1
198,69,73.802,145.31,36.122,81.958,-1,-1,-1,-1
199,69,70.719,148.93,34.748,78.843,-1,-1,-1,-1
200,69,66.143,148.95,34.76,78.871,-1,-1,-1,-1
201,69,61.462,145.25,36.276,82.306,-1,-1,-1,-1
202,69,57.399,144.08,36.865,83.642,-1,-1,-1,-1
203,69,54.932,144.34,37.056,84.074,-1,-1,-1,-1
204,69,51.548,146.2,37.122,84.225,-1,-1,-1,-1
205,69,49.851,145.45,37.169,84.331,-1,-1,-1,-1
206,69,48.173,147.46,37.168,84.329,-1,-1,-1,-1
207,69,46.948,150.8,36.885,83.686,-1,-1,-1,-1
208,69,47.139,155.61,35.644,80.873,-1,-1,-1,-1
209,69,51.052,163.28,31.939,72.472,-1,-1,-1,-1
203,70,-3.6791,139.74,46.724,106.03,-1,-1,-1,-1
204,70,7.6925,152.34,42.792,97.104,-1,-1,-1,-1
205,70,15.247,148.71,42.824,97.175,-1,-1,-1,-1
206,70,20.696,143.73,46.42,105.33,-1,-1,-1,-1
207,70,25.986,146.94,41.907,95.091,-1,-1,-1,-1
208,70,27.977,147.37,39.758,90.209,-1,-1,-1,-1
209,70,30.127,144.27,42.038,95.383,-1,-1,-1,-1
