1,5,172.05,81.676,104.18,236.41,-1,-1,-1,-1
2,5,172.95,82.164,103.57,235.02,-1,-1,-1,-1
3,5,175.47,83.658,101.8,231.01,-1,-1,-1,-1
4,5,182.04,87.477,97.284,220.76,-1,-1,-1,-1
5,5,185.04,87.778,97.295,220.78,-1,-1,-1,-1
6,5,187.63,85.289,101.47,230.26,-1,-1,-1,-1
7,5,190.95,88.049,101.41,230.12,-1,-1,-1,-1
8,5,198.6,99.472,96.458,218.88,-1,-1,-1,-1
9,5,205.21,106.67,93.117,211.3,-1,-1,-1,-1
10,5,217.3,116.7,88.134,199.99,-1,-1,-1,-1
11,5,223.15,119.83,85.932,195,-1,-1,-1,-1
12,5,228.57,119.13,84.369,191.45,-1,-1,-1,-1
13,5,230.56,110.02,89.349,202.75,-1,-1,-1,-1
14,5,234.87,108.44,87.732,199.08,-1,-1,-1,-1
15,5,237,107.01,87.41,198.35,-1,-1,-1,-1
16,5,238.79,103.65,88.632,201.12,-1,-1,-1,-1
17,5,242.13,95.23,92.445,209.77,-1,-1,-1,-1
18,5,244.42,94.762,92.65,210.24,-1,-1,-1,-1
19,5,247.94,101.81,89.423,202.92,-1,-1,-1,-1
20,5,249.32,102.29,89.288,202.61,-1,-1,-1,-1
21,5,256.36,101.66,83.346,189.12,-1,-1,-1,-1
22,5,257.93,94.388,90.294,204.89,-1,-1,-1,-1
23,5,259.9,93.493,92.145,209.09,-1,-1,-1,-1
24,5,264.48,98.546,90.33,204.97,-1,-1,-1,-1
25,5,270.24,93.323,92.899,210.8,-1,-1,-1,-1
26,5,273.76,93.518,92.867,210.73,-1,-1,-1,-1
27,5,278.55,99.353,90.175,204.62,-1,-1,-1,-1
28,5,284.6,95.756,91.673,208.02,-1,-1,-1,-1
29,5,288.83,100.24,89.131,202.25,-1,-1,-1,-1
30,5,291.98,97.095,88.918,201.77,-1,-1,-1,-1
31,5,300.91,103.84,81.513,184.96,-1,-1,-1,-1
32,5,303.43,107.44,83.97,190.54,-1,-1,-1,-1
33,5,306.57,110.91,83.345,189.12,-1,-1,-1,-1
34,5,313.64,118.02,78.695,178.57,-1,-1,-1,-1
35,5,316.22,113.48,80.753,183.25,-1,-1,-1,-1
36,5,317.56,109.35,84.467,191.67,-1,-1,-1,-1
37,5,320.09,107.93,84.726,192.26,-1,-1,-1,-1
38,5,326.33,107.75,81.837,185.71,-1,-1,-1,-1
39,5,329.5,102.42,81.573,185.11,-1,-1,-1,-1
40,5,332.73,98.46,83.826,190.22,-1,-1,-1,-1
41,5,338.92,98.524,82.762,187.8,-1,-1,-1,-1
42,5,341.54,96.067,85.41,193.81,-1,-1,-1,-1
43,5,342.87,95.14,86.414,196.09,-1,-1,-1,-1
44,5,344.32,94.896,86.701,196.74,-1,-1,-1,-1
45,5,347.25,94.886,86.739,196.83,-1,-1,-1,-1
46,5,354.51,94.925,86.717,196.78,-1,-1,-1,-1
47,5,359.3,94.959,86.693,196.72,-1,-1,-1,-1
48,5,366.4,94.978,86.679,196.69,-1,-1,-1,-1
49,5,369.85,94.988,86.672,196.68,-1,-1,-1,-1
50,5,373.11,94.993,86.67,196.67,-1,-1,-1,-1
51,5,379.44,94.995,86.669,196.67,-1,-1,-1,-1
52,5,382.15,94.995,86.671,196.67,-1,-1,-1,-1
53,5,383.96,94.991,86.676,196.68,-1,-1,-1,-1
54,5,386.69,94.974,86.692,196.72,-1,-1,-1,-1
55,5,393.09,94.934,86.728,196.8,-1,-1,-1,-1
56,5,395.53,94.859,86.791,196.95,-1,-1,-1,-1
57,5,396.52,94.773,86.86,197.1,-1,-1,-1,-1
58,5,397.15,94.822,86.797,196.96,-1,-1,-1,-1
59,5,398.3,95.503,86.141,195.47,-1,-1,-1,-1
60,5,401.37,98.092,83.711,189.95,-1,-1,-1,-1
61,5,409.46,105.17,77.082,174.91,-1,-1,-1,-1
62,5,417.17,111.46,74.968,170.11,-1,-1,-1,-1
63,5,421.08,111.02,75.427,171.15,-1,-1,-1,-1
64,5,425.36,103.98,78.414,177.94,-1,-1,-1,-1
65,5,427.09,101.2,79.562,180.55,-1,-1,-1,-1
66,5,428.04,99.97,79.964,181.46,-1,-1,-1,-1
67,5,428.98,98.623,80.399,182.45,-1,-1,-1,-1
68,5,430.65,95.348,81.723,185.45,-1,-1,-1,-1
69,5,434.74,86.859,85.275,193.51,-1,-1,-1,-1
70,5,437.16,84.636,86.234,195.68,-1,-1,-1,-1
71,5,440.49,86.813,85.247,193.44,-1,-1,-1,-1
72,5,447.99,95.415,81.452,184.83,-1,-1,-1,-1
73,5,451.38,99.252,79.274,179.89,-1,-1,-1,-1
74,5,454,102.04,76.633,173.89,-1,-1,-1,-1
75,5,456.07,101.62,77.42,175.68,-1,-1,-1,-1
76,5,462.45,103.31,75.193,170.62,-1,-1,-1,-1
77,5,464.94,103.61,74.493,169.03,-1,-1,-1,-1
78,5,465.99,102.61,74.777,169.67,-1,-1,-1,-1
79,5,466.68,99.391,76.282,173.09,-1,-1,-1,-1
80,5,467.97,91.341,79.98,181.49,-1,-1,-1,-1
81,5,475.42,95.309,74.665,169.43,-1,-1,-1,-1
82,5,477.37,97.55,77.817,176.59,-1,-1,-1,-1
83,5,480.02,98.05,78.167,177.38,-1,-1,-1,-1
84,5,486.16,97.616,75.787,171.97,-1,-1,-1,-1
85,5,489.12,101.07,75.563,171.46,-1,-1,-1,-1
86,5,491.86,100.78,77.331,175.48,-1,-1,-1,-1
87,5,497.71,101.8,75.935,172.31,-1,-1,-1,-1
88,5,500.78,99.518,77.146,175.05,-1,-1,-1,-1
89,5,504.24,91.87,81.985,186.04,-1,-1,-1,-1
90,5,510.05,96.679,79.863,181.23,-1,-1,-1,-1
91,5,512.17,98.876,76.969,174.65,-1,-1,-1,-1
92,5,514.86,94.651,77.893,176.75,-1,-1,-1,-1
93,5,518.26,96.826,76.947,174.6,-1,-1,-1,-1
94,5,516.18,90.202,80.097,181.76,-1,-1,-1,-1
95,5,516.3,85.828,83.331,189.09,-1,-1,-1,-1
96,5,516.52,87.09,81.663,185.31,-1,-1,-1,-1
97,5,519.2,87.228,81.885,185.82,-1,-1,-1,-1
98,5,526.94,86.232,84.345,191.4,-1,-1,-1,-1
99,5,532.32,91.087,83.073,188.51,-1,-1,-1,-1
100,5,536.43,96.978,80.7,183.13,-1,-1,-1,-1
101,5,538.98,99.833,79.014,179.3,-1,-1,-1,-1
102,5,542.45,102.35,76.458,173.49,-1,-1,-1,-1
103,5,541.77,101.8,77.299,175.4,-1,-1,-1,-1
104,5,540.82,100.8,78.47,178.06,-1,-1,-1,-1
105,5,543.27,101.74,77.08,174.91,-1,-1,-1,-1
106,5,547.43,103.19,74.92,170,-1,-1,-1,-1
107,5,553.27,104.17,73.069,165.8,-1,-1,-1,-1
108,5,566.73,105.92,69.437,157.57,-1,-1,-1,-1
109,5,572.74,107.11,67.622,153.45,-1,-1,-1,-1
1,12,427.95,97.629,104.2,236.45,-1,-1,-1,-1
2,12,428.34,97.392,104.08,236.18,-1,-1,-1,-1
3,12,429.55,97.045,103.54,234.95,-1,-1,-1,-1
4,12,432.96,96.677,101.64,230.65,-1,-1,-1,-1
5,12,441.95,95.843,96.595,219.19,-1,-1,-1,-1
6,12,445.23,99.988,95.232,216.1,-1,-1,-1,-1
7,12,445.87,97.786,96.587,219.17,-1,-1,-1,-1
8,12,444.66,87.361,101.73,230.85,-1,-1,-1,-1
9,12,444.55,82.958,104.03,236.06,-1,-1,-1,-1
10,12,445.44,80.247,105.73,239.93,-1,-1,-1,-1
11,12,448.27,76.608,108.46,246.12,-1,-1,-1,-1
12,12,455.76,81.459,105.13,238.55,-1,-1,-1,-1
13,12,459.5,86.667,102.14,231.78,-1,-1,-1,-1
14,12,462.91,96.727,97.145,220.44,-1,-1,-1,-1
15,12,466.18,96.855,97.055,220.24,-1,-1,-1,-1
16,12,472.62,87.32,101.66,230.68,-1,-1,-1,-1
17,12,475.96,83.599,103.48,234.82,-1,-1,-1,-1
18,12,479.65,82.309,104.06,236.13,-1,-1,-1,-1
19,12,487.25,81.897,104.19,236.44,-1,-1,-1,-1
20,12,490.24,81.748,104.22,236.49,-1,-1,-1,-1
21,12,491.61,81.733,104.12,236.27,-1,-1,-1,-1
22,12,492.86,82.096,103.58,235.05,-1,-1,-1,-1
23,12,495.4,83.601,101.72,230.81,-1,-1,-1,-1
24,12,501.78,87.682,96.713,219.46,-1,-1,-1,-1
25,12,504.16,88.764,95.377,216.43,-1,-1,-1,-1
26,12,504.84,87.719,96.556,219.1,-1,-1,-1,-1
27,12,504.83,84.224,100.79,228.71,-1,-1,-1,-1
28,12,502.46,84.776,100.21,227.4,-1,-1,-1,-1
29,12,495.11,89.283,94.812,215.15,-1,-1,-1,-1
30,12,504.33,84.321,100.88,228.92,-1,-1,-1,-1
31,12,510.18,82.21,103.36,234.55,-1,-1,-1,-1
32,12,518.8,81.584,104.08,236.19,-1,-1,-1,-1
33,12,522.77,81.847,103.74,235.4,-1,-1,-1,-1
34,12,526.12,83.387,101.86,231.14,-1,-1,-1,-1
35,12,532.09,87.577,96.727,219.49,-1,-1,-1,-1
36,12,534.51,89.012,94.957,215.47,-1,-1,-1,-1
37,12,535.76,88.997,94.894,215.33,-1,-1,-1,-1
38,12,537.23,87.844,96.189,218.27,-1,-1,-1,-1
39,12,540.72,85.116,99.503,225.79,-1,-1,-1,-1
40,12,545.81,87.655,96.43,218.82,-1,-1,-1,-1
41,12,547.49,88.481,95.57,216.87,-1,-1,-1,-1
42,12,547.28,88.029,96.409,218.77,-1,-1,-1,-1
43,12,545.3,86.611,99.11,224.9,-1,-1,-1,-1
44,12,549.87,92.672,94.389,214.19,-1,-1,-1,-1
45,12,555.37,102.59,89.329,202.7,-1,-1,-1,-1
46,12,558.05,104.41,89.267,202.56,-1,-1,-1,-1
47,12,560.67,100.1,93.994,213.29,-1,-1,-1,-1
48,12,560.17,92.426,97.619,221.52,-1,-1,-1,-1
49,12,565.16,98.239,92.133,209.07,-1,-1,-1,-1
50,12,564.54,92.586,93.575,212.34,-1,-1,-1,-1
51,12,564.33,90.284,94.238,213.84,-1,-1,-1,-1
52,12,564.46,89.37,94.496,214.43,-1,-1,-1,-1
53,12,565.08,88.91,94.624,214.72,-1,-1,-1,-1
1,17,80.527,104.05,94.747,215,-1,-1,-1,-1
2,17,73.617,105.25,94.21,213.78,-1,-1,-1,-1
3,17,71.302,108.53,92.619,210.17,-1,-1,-1,-1
4,17,71.266,117.12,88.428,200.66,-1,-1,-1,-1
5,17,64.491,119.32,87.302,198.1,-1,-1,-1,-1
6,17,58.141,117.08,88.332,200.44,-1,-1,-1,-1
7,17,46.105,108.65,92.133,209.06,-1,-1,-1,-1
8,17,40.452,105.98,92.547,210.01,-1,-1,-1,-1
9,17,35.381,106.04,90.332,204.98,-1,-1,-1,-1
10,17,27.681,102.24,93.492,212.15,-1,-1,-1,-1
11,17,22.339,96.301,95.992,217.82,-1,-1,-1,-1
12,17,14.154,97.59,100.07,227.08,-1,-1,-1,-1
13,17,8.8167,100.29,98.651,223.86,-1,-1,-1,-1
14,17,0.90243,98.551,101.99,231.44,-1,-1,-1,-1
15,17,-1.5412,98.762,102.11,231.72,-1,-1,-1,-1
16,17,-1.0305,100.98,99.27,225.26,-1,-1,-1,-1
17,17,-13.083,99.126,102.09,231.67,-1,-1,-1,-1
18,17,-17.342,100.42,101.25,229.75,-1,-1,-1,-1
19,17,-17.66,107.04,95.099,215.8,-1,-1,-1,-1
20,17,-17.336,117.38,88.922,201.78,-1,-1,-1,-1
21,17,-17.758,122.15,85.834,194.77,-1,-1,-1,-1
165,18,107.19,103.5,77.026,174.79,-1,-1,-1,-1
166,18,110.11,105.07,75.792,171.98,-1,-1,-1,-1
167,18,116.36,104.61,74.69,169.48,-1,-1,-1,-1
168,18,115.92,104.37,74.325,168.65,-1,-1,-1,-1
169,18,120.42,104.21,74.245,168.47,-1,-1,-1,-1
170,18,122.39,104.1,74.25,168.48,-1,-1,-1,-1
171,18,123.81,104.05,74.268,168.52,-1,-1,-1,-1
172,18,126.14,104.02,74.28,168.55,-1,-1,-1,-1
173,18,128.81,104.01,74.287,168.56,-1,-1,-1,-1
174,18,131.61,104,74.289,168.57,-1,-1,-1,-1
175,18,134.45,104,74.29,168.57,-1,-1,-1,-1
176,18,137.29,104,74.29,168.57,-1,-1,-1,-1
177,18,140.09,104,74.29,168.57,-1,-1,-1,-1
178,18,142.73,103.99,74.29,168.57,-1,-1,-1,-1
179,18,145,103.98,74.29,168.57,-1,-1,-1,-1
55,19,156.99,74.995,80,181.54,-1,-1,-1,-1
56,19,156.99,74.993,80,181.54,-1,-1,-1,-1
57,19,156.99,74.992,80,181.54,-1,-1,-1,-1
58,19,156.99,74.992,80,181.54,-1,-1,-1,-1
59,19,156.98,74.99,80.001,181.54,-1,-1,-1,-1
60,19,156.98,74.985,80.006,181.55,-1,-1,-1,-1
61,19,156.97,74.971,80.021,181.59,-1,-1,-1,-1
62,19,156.96,74.939,80.056,181.67,-1,-1,-1,-1
63,19,156.93,74.891,80.119,181.81,-1,-1,-1,-1
64,19,156.92,74.871,80.19,181.97,-1,-1,-1,-1
65,19,157,75.092,80.135,181.85,-1,-1,-1,-1
66,19,157.45,76.218,79.508,180.42,-1,-1,-1,-1
67,19,158.99,79.97,77.155,175.08,-1,-1,-1,-1
68,19,163.17,90.134,70.688,160.41,-1,-1,-1,-1
69,19,164.77,93.662,68.41,155.24,-1,-1,-1,-1
70,19,165.31,93.892,68.206,154.78,-1,-1,-1,-1
71,19,165.42,91.29,69.665,158.08,-1,-1,-1,-1
72,19,165.4,83.684,73.872,167.63,-1,-1,-1,-1
73,19,162.22,79.76,76.785,174.24,-1,-1,-1,-1
74,19,165.49,83.391,74.027,167.98,-1,-1,-1,-1
75,19,165.65,90.349,70.186,159.27,-1,-1,-1,-1
76,19,165.95,91.42,69.567,157.86,-1,-1,-1,-1
77,19,166.79,87.958,71.302,161.8,-1,-1,-1,-1
78,19,165.9,92.523,69.1,156.8,-1,-1,-1,-1
79,19,165.8,94.293,68.22,154.81,-1,-1,-1,-1
80,19,166.32,94.858,67.934,154.16,-1,-1,-1,-1
81,19,168.01,94.813,67.928,154.15,-1,-1,-1,-1
82,19,172.48,94.026,68.275,154.93,-1,-1,-1,-1
83,19,173.1,91.495,69.51,157.73,-1,-1,-1,-1
84,19,170.48,84.749,72.823,165.24,-1,-1,-1,-1
85,19,169.78,82.782,73.763,167.37,-1,-1,-1,-1
86,19,170.32,83.687,73.222,166.15,-1,-1,-1,-1
87,19,172.41,87.822,71.139,161.43,-1,-1,-1,-1
88,19,170.37,83.55,73.229,166.16,-1,-1,-1,-1
89,19,169.92,82.372,73.782,167.42,-1,-1,-1,-1
90,19,170.89,83.668,72.862,165.33,-1,-1,-1,-1
91,19,174.21,88.71,69.567,157.86,-1,-1,-1,-1
92,19,175.49,86.89,68.3,154.99,-1,-1,-1,-1
93,19,176.03,86.503,67.711,153.65,-1,-1,-1,-1
94,19,176.55,87.555,66.872,151.75,-1,-1,-1,-1
95,19,177.59,91.112,64.931,147.34,-1,-1,-1,-1
96,19,176.58,87.407,66.925,151.87,-1,-1,-1,-1
97,19,176.3,86.511,67.469,153.1,-1,-1,-1,-1
98,19,176.71,88.028,66.67,151.29,-1,-1,-1,-1
99,19,178.15,93.324,63.858,144.91,-1,-1,-1,-1
100,19,178.32,93.975,63.543,144.19,-1,-1,-1,-1
101,19,177.43,90.785,65.273,148.12,-1,-1,-1,-1
102,19,178.34,94.231,63.497,144.09,-1,-1,-1,-1
103,19,178.3,94.266,63.565,144.24,-1,-1,-1,-1
104,19,177.27,90.894,65.572,148.8,-1,-1,-1,-1
105,19,177.88,94.245,64.388,146.11,-1,-1,-1,-1
106,19,177.15,94.348,65.802,149.32,-1,-1,-1,-1
107,19,177.87,94.444,64.392,146.12,-1,-1,-1,-1
108,19,177.16,91.257,65.789,149.29,-1,-1,-1,-1
109,19,177.78,94.692,64.621,146.64,-1,-1,-1,-1
110,19,176.71,94.689,66.84,151.68,-1,-1,-1,-1
111,19,176.42,94.477,67.743,153.73,-1,-1,-1,-1
112,19,176.57,93.726,68.331,155.06,-1,-1,-1,-1
113,19,177.12,91.236,69.589,157.91,-1,-1,-1,-1
114,19,178.56,84.406,72.879,165.37,-1,-1,-1,-1
115,19,179.02,82.066,73.797,167.45,-1,-1,-1,-1
116,19,178.98,81.924,73.226,166.16,-1,-1,-1,-1
117,19,178.16,83.322,71.059,161.24,-1,-1,-1,-1
118,19,179.01,81.937,72.9,165.42,-1,-1,-1,-1
119,19,179.12,82.074,72.844,165.29,-1,-1,-1,-1
120,19,178.65,83.988,70.733,160.51,-1,-1,-1,-1
121,19,180.45,84.074,72.047,163.48,-1,-1,-1,-1
122,19,183.02,87.939,70.496,159.97,-1,-1,-1,-1
123,19,182.43,84.422,71.672,162.63,-1,-1,-1,-1
124,19,184.91,85.796,68.932,156.42,-1,-1,-1,-1
125,19,186.39,88.257,66.841,151.68,-1,-1,-1,-1
126,19,188.27,94.082,63.469,144.02,-1,-1,-1,-1
127,19,188.75,95.539,62.621,142.1,-1,-1,-1,-1
128,19,188.25,93.952,63.561,144.23,-1,-1,-1,-1
129,19,186.42,88.07,66.938,151.9,-1,-1,-1,-1
130,19,185.23,85.879,68.677,155.84,-1,-1,-1,-1
131,19,183.79,85.788,69.988,158.81,-1,-1,-1,-1
132,19,187.23,93.019,64.766,146.97,-1,-1,-1,-1
133,19,188.41,95.233,62.994,142.95,-1,-1,-1,-1
134,19,188.22,93.975,63.489,144.07,-1,-1,-1,-1
135,19,186.57,88.2,66.561,151.04,-1,-1,-1,-1
136,19,185.53,85.804,68.01,154.33,-1,-1,-1,-1
137,19,184.03,84.365,69.31,157.28,-1,-1,-1,-1
138,19,180.58,82.382,71.815,162.96,-1,-1,-1,-1
139,19,178.32,83.241,70.565,160.13,-1,-1,-1,-1
140,19,178.41,82.378,71.823,162.98,-1,-1,-1,-1
141,19,177.55,84.357,69.331,157.33,-1,-1,-1,-1
142,19,178.3,85.8,68.05,154.42,-1,-1,-1,-1
143,19,181.43,88.251,66.614,151.16,-1,-1,-1,-1
144,19,180.12,94.265,63.486,144.06,-1,-1,-1,-1
145,19,179.42,96.329,62.689,142.26,-1,-1,-1,-1
146,19,178.58,96.428,63.488,144.07,-1,-1,-1,-1
147,19,177,95.117,66.274,150.39,-1,-1,-1,-1
148,19,176.9,94.967,66.338,150.54,-1,-1,-1,-1
149,19,178.16,95.729,63.836,144.86,-1,-1,-1,-1
150,19,178.13,94.141,63.881,144.96,-1,-1,-1,-1
151,19,176.68,88.429,66.695,151.35,-1,-1,-1,-1
152,19,176.12,86.582,67.789,153.83,-1,-1,-1,-1
153,19,175.95,86.915,68.118,154.58,-1,-1,-1,-1
154,19,175.95,89.629,68.121,154.58,-1,-1,-1,-1
155,19,176.1,87.379,67.835,153.94,-1,-1,-1,-1
156,19,176.57,87.988,66.928,151.88,-1,-1,-1,-1
157,19,177.74,91.89,64.65,146.71,-1,-1,-1,-1
158,19,177.16,89.535,65.812,149.34,-1,-1,-1,-1
159,19,177.83,91.894,64.594,146.58,-1,-1,-1,-1
160,19,176.88,88.108,66.666,151.28,-1,-1,-1,-1
161,19,177.02,87.885,66.97,151.97,-1,-1,-1,-1
162,19,178.35,90.929,65.876,149.49,-1,-1,-1,-1
163,19,178.62,86.978,69.248,157.13,-1,-1,-1,-1
164,19,178.35,90.937,65.869,149.47,-1,-1,-1,-1
165,19,177.04,87.906,66.951,151.93,-1,-1,-1,-1
166,19,176.92,88.143,66.633,151.21,-1,-1,-1,-1
167,19,177.92,91.931,64.556,146.49,-1,-1,-1,-1
168,19,177.33,89.491,65.834,149.39,-1,-1,-1,-1
169,19,178.06,91.487,64.96,147.41,-1,-1,-1,-1
170,19,177.2,86.501,68.12,154.58,-1,-1,-1,-1
171,19,177.64,83.26,71.151,161.45,-1,-1,-1,-1
172,19,176.61,84.314,69.256,157.16,-1,-1,-1,-1
173,19,176.31,84.959,68.345,155.09,-1,-1,-1,-1
174,19,176.28,85.456,67.849,153.97,-1,-1,-1,-1
175,19,176.47,86.259,67.312,152.75,-1,-1,-1,-1
176,19,176.96,87.911,66.424,150.73,-1,-1,-1,-1
177,19,177.74,90.976,65.254,148.08,-1,-1,-1,-1
178,19,175.33,83.584,71.024,161.17,-1,-1,-1,-1
179,19,170.53,70.875,83.225,188.85,-1,-1,-1,-1
1,20,558.03,83.055,85.528,194.08,-1,-1,-1,-1
2,20,560,85.249,83.186,188.77,-1,-1,-1,-1
3,20,558.11,83.129,85.427,193.85,-1,-1,-1,-1
4,20,557.25,82.243,86.351,195.95,-1,-1,-1,-1
5,20,556.64,81.965,86.651,196.63,-1,-1,-1,-1
6,20,555.65,81.915,86.715,196.77,-1,-1,-1,-1
7,20,553.22,81.924,86.713,196.77,-1,-1,-1,-1
8,20,546.92,81.93,86.709,196.76,-1,-1,-1,-1
9,20,544.47,81.919,86.716,196.77,-1,-1,-1,-1
10,20,543.46,81.902,86.722,196.79,-1,-1,-1,-1
11,20,542.89,81.938,86.666,196.66,-1,-1,-1,-1
12,20,542.25,82.198,86.377,196.01,-1,-1,-1,-1
13,20,540.95,83.072,85.452,193.91,-1,-1,-1,-1
14,20,537.62,85.235,83.147,188.68,-1,-1,-1,-1
15,20,533.24,83.271,85.222,193.39,-1,-1,-1,-1
16,20,532.33,83.2,85.334,193.64,-1,-1,-1,-1
17,20,534.12,85.295,83.294,189.01,-1,-1,-1,-1
18,20,535.85,87.483,81.429,184.78,-1,-1,-1,-1
19,20,534.72,87.735,82.287,186.73,-1,-1,-1,-1
20,20,532.5,87.245,84.188,191.04,-1,-1,-1,-1
21,20,529.9,86.577,86.394,196.05,-1,-1,-1,-1
22,20,527.19,85.923,88.645,201.16,-1,-1,-1,-1
23,20,524.46,85.312,90.879,206.23,-1,-1,-1,-1
24,20,521.72,84.726,93.097,211.26,-1,-1,-1,-1
25,20,518.96,84.135,95.315,216.29,-1,-1,-1,-1
26,20,516.18,83.514,97.543,221.35,-1,-1,-1,-1
27,20,513.33,82.854,99.759,226.38,-1,-1,-1,-1
28,20,510.39,82.208,101.84,231.09,-1,-1,-1,-1
29,20,507.27,81.785,103.4,234.64,-1,-1,-1,-1
30,20,503.71,82.039,103.52,234.92,-1,-1,-1,-1
31,20,499.98,82.515,103.13,234.02,-1,-1,-1,-1
32,20,496.14,83.004,102.6,232.81,-1,-1,-1,-1
33,20,492.25,83.452,102.06,231.59,-1,-1,-1,-1
34,20,488.32,83.861,101.53,230.4,-1,-1,-1,-1
35,20,484.37,84.246,101.02,229.24,-1,-1,-1,-1
36,20,480.42,84.619,100.52,228.1,-1,-1,-1,-1
37,20,476.47,84.988,100.02,226.97,-1,-1,-1,-1
38,20,472.52,85.355,99.523,225.84,-1,-1,-1,-1
39,20,468.56,85.723,99.025,224.71,-1,-1,-1,-1
40,20,464.61,86.09,98.528,223.58,-1,-1,-1,-1
41,20,460.66,86.456,98.032,222.45,-1,-1,-1,-1
42,20,456.7,86.816,97.54,221.34,-1,-1,-1,-1
43,20,452.74,87.162,97.059,220.25,-1,-1,-1,-1
44,20,448.78,87.476,96.602,219.21,-1,-1,-1,-1
45,20,444.8,87.734,96.182,218.25,-1,-1,-1,-1
46,20,440.85,87.926,95.786,217.35,-1,-1,-1,-1
47,20,437.02,88.137,95.286,216.22,-1,-1,-1,-1
48,20,433.69,88.74,94.211,213.78,-1,-1,-1,-1
49,20,431.82,90.78,91.272,207.11,-1,-1,-1,-1
50,20,429.73,96.723,83.16,188.71,-1,-1,-1,-1
51,20,428.89,98.235,79.222,179.77,-1,-1,-1,-1
52,20,428.59,97.136,75.268,170.79,-1,-1,-1,-1
53,20,425.25,98.769,73.58,166.96,-1,-1,-1,-1
54,20,420.78,101.5,72.711,164.99,-1,-1,-1,-1
55,20,415.93,104.77,72.054,163.5,-1,-1,-1,-1
56,20,410.98,108.31,71.397,162.01,-1,-1,-1,-1
57,20,406.06,111.98,70.685,160.4,-1,-1,-1,-1
58,20,401.24,115.62,69.923,158.67,-1,-1,-1,-1
59,20,396.64,118.88,69.196,157.02,-1,-1,-1,-1
60,20,392.51,120.84,68.828,156.19,-1,-1,-1,-1
61,20,389.44,118.97,69.732,158.24,-1,-1,-1,-1
62,20,389.1,107.1,74,167.92,-1,-1,-1,-1
63,20,389.21,94.252,78.721,178.64,-1,-1,-1,-1
64,20,387.93,88.472,81.461,184.85,-1,-1,-1,-1
65,20,383.91,83.881,85.057,193.01,-1,-1,-1,-1
66,20,381.81,83.429,85.078,193.06,-1,-1,-1,-1
67,20,379.41,86.378,81.796,185.61,-1,-1,-1,-1
68,20,378.39,87.586,80.444,182.55,-1,-1,-1,-1
69,20,377.71,88.204,79.723,180.91,-1,-1,-1,-1
70,20,376.88,89.294,78.515,178.17,-1,-1,-1,-1
71,20,375.11,92.079,75.496,171.31,-1,-1,-1,-1
72,20,373.94,92.793,74.724,169.56,-1,-1,-1,-1
73,20,372.15,91.966,75.587,171.52,-1,-1,-1,-1
74,20,368.06,89.077,78.674,178.53,-1,-1,-1,-1
75,20,366.37,88.013,79.792,181.07,-1,-1,-1,-1
76,20,365.51,87.982,79.816,181.12,-1,-1,-1,-1
77,20,364.63,88.993,78.735,178.67,-1,-1,-1,-1
78,20,362.74,91.889,75.616,171.58,-1,-1,-1,-1
79,20,360.29,92.96,74.463,168.96,-1,-1,-1,-1
80,20,354.77,93.18,74.212,168.39,-1,-1,-1,-1
81,20,352.74,92.863,74.528,169.11,-1,-1,-1,-1
82,20,352.16,91.696,75.719,171.82,-1,-1,-1,-1
83,20,352.56,88.788,78.734,178.66,-1,-1,-1,-1
84,20,352.16,88.125,79.205,179.73,-1,-1,-1,-1
85,20,350.74,89.503,77.194,175.17,-1,-1,-1,-1
86,20,346.67,93.866,71.082,161.3,-1,-1,-1,-1
87,20,344.34,94.972,69.909,158.64,-1,-1,-1,-1
88,20,341.34,93.755,72.654,164.86,-1,-1,-1,-1
89,20,339.55,92.929,74.096,168.13,-1,-1,-1,-1
90,20,337.18,91.751,75.599,171.54,-1,-1,-1,-1
91,20,331.81,88.907,78.778,178.76,-1,-1,-1,-1
92,20,329.68,87.905,79.909,181.33,-1,-1,-1,-1
93,20,328.65,87.71,80.149,181.88,-1,-1,-1,-1
94,20,327.63,87.99,79.857,181.22,-1,-1,-1,-1
95,20,325.59,89.06,78.711,178.61,-1,-1,-1,-1
96,20,320.45,91.862,75.679,171.73,-1,-1,-1,-1
97,20,318.39,92.613,74.839,169.82,-1,-1,-1,-1
98,20,317.38,92.048,75.364,171.01,-1,-1,-1,-1
99,20,316.63,90.213,77.24,175.27,-1,-1,-1,-1
100,20,316.21,92.099,75.023,170.24,-1,-1,-1,-1
101,20,315.1,93.292,73.355,166.45,-1,-1,-1,-1
102,20,312.01,94.519,70.981,161.07,-1,-1,-1,-1
103,20,308.18,93.487,73.127,165.93,-1,-1,-1,-1
104,20,306.58,92.957,74.1,168.14,-1,-1,-1,-1
105,20,305.83,92.88,74.444,168.92,-1,-1,-1,-1
106,20,305.29,93.443,74.265,168.51,-1,-1,-1,-1
107,20,304.61,95.653,72.989,165.62,-1,-1,-1,-1
108,20,303.27,102.13,68.974,156.52,-1,-1,-1,-1
109,20,303.51,105.28,65.39,148.38,-1,-1,-1,-1
110,20,305.54,108.25,58.649,133.09,-1,-1,-1,-1
111,20,307.08,111.05,55.82,126.67,-1,-1,-1,-1
112,20,304.2,108.48,59.836,135.78,-1,-1,-1,-1
113,20,302.51,107.28,61.552,139.68,-1,-1,-1,-1
114,20,300.59,106.89,62.129,140.98,-1,-1,-1,-1
115,20,296.46,106.78,62.253,141.26,-1,-1,-1,-1
116,20,294.91,106.6,62.252,141.26,-1,-1,-1,-1
117,20,294.29,105.98,62.293,141.36,-1,-1,-1,-1
118,20,293.93,104.17,62.555,141.95,-1,-1,-1,-1
119,20,293.42,99.274,63.367,143.79,-1,-1,-1,-1
120,20,292.38,96.737,65.268,148.11,-1,-1,-1,-1
121,20,293.47,97.633,62.923,142.79,-1,-1,-1,-1
122,20,294.09,99.331,61.163,138.79,-1,-1,-1,-1
123,20,294.53,102.79,58.88,133.61,-1,-1,-1,-1
124,20,292.37,100.52,60.84,138.06,-1,-1,-1,-1
125,20,285.58,90.567,68.715,155.92,-1,-1,-1,-1
126,20,282.53,92.821,68.72,155.94,-1,-1,-1,-1
127,20,281.51,94.012,68.434,155.29,-1,-1,-1,-1
128,20,281.18,94.591,68.216,154.8,-1,-1,-1,-1
129,20,281.07,94.847,68.103,154.54,-1,-1,-1,-1
130,20,281.02,94.949,68.056,154.44,-1,-1,-1,-1
131,20,280.97,94.986,68.041,154.4,-1,-1,-1,-1
132,20,280.86,94.997,68.038,154.4,-1,-1,-1,-1
133,20,280.58,95,68.038,154.4,-1,-1,-1,-1
134,20,279.85,95,68.039,154.4,-1,-1,-1,-1
135,20,277.93,95,68.04,154.4,-1,-1,-1,-1
136,20,272.9,95.001,68.04,154.4,-1,-1,-1,-1
137,20,270.75,95.001,68.04,154.4,-1,-1,-1,-1
138,20,269.36,95.001,68.04,154.4,-1,-1,-1,-1
139,20,267.33,95.002,68.04,154.4,-1,-1,-1,-1
140,20,262.63,95.002,68.04,154.4,-1,-1,-1,-1
141,20,260.6,95.002,68.04,154.4,-1,-1,-1,-1
142,20,259.21,95.003,68.04,154.4,-1,-1,-1,-1
143,20,257.07,95.003,68.04,154.4,-1,-1,-1,-1
144,20,252.04,95.004,68.04,154.4,-1,-1,-1,-1
145,20,250.11,95.004,68.04,154.4,-1,-1,-1,-1
146,20,249.38,95.005,68.04,154.4,-1,-1,-1,-1
147,20,249.1,95.005,68.04,154.4,-1,-1,-1,-1
148,20,249,95.006,68.04,154.4,-1,-1,-1,-1
149,20,248.96,95.007,68.04,154.4,-1,-1,-1,-1
150,20,248.95,95.008,68.04,154.4,-1,-1,-1,-1
151,20,248.94,95.008,68.04,154.4,-1,-1,-1,-1
152,20,248.91,95.009,68.04,154.4,-1,-1,-1,-1
153,20,248.83,95.009,68.04,154.4,-1,-1,-1,-1
154,20,248.62,95.006,68.042,154.41,-1,-1,-1,-1
155,20,248.06,94.998,68.048,154.42,-1,-1,-1,-1
156,20,246.58,94.977,68.059,154.44,-1,-1,-1,-1
157,20,242.72,94.933,68.08,154.49,-1,-1,-1,-1
158,20,242.68,94.853,68.098,154.53,-1,-1,-1,-1
159,20,246.43,94.736,68.066,154.46,-1,-1,-1,-1
160,20,247.74,94.607,67.821,153.9,-1,-1,-1,-1
161,20,248.01,94.515,66.969,151.97,-1,-1,-1,-1
162,20,247.47,94.299,64.721,146.87,-1,-1,-1,-1
163,20,248.02,90.474,65.786,149.28,-1,-1,-1,-1
164,20,247.87,92.782,64.045,145.33,-1,-1,-1,-1
165,20,249.43,90.515,64.468,146.29,-1,-1,-1,-1
166,20,251.73,94.481,60.722,137.79,-1,-1,-1,-1
167,20,252.73,93.654,62.86,142.64,-1,-1,-1,-1
168,20,250.03,88.561,66.475,150.85,-1,-1,-1,-1
169,20,248.83,88.209,67.517,153.21,-1,-1,-1,-1
170,20,248.09,92.558,66.749,151.47,-1,-1,-1,-1
171,20,246.95,95.651,63.646,144.43,-1,-1,-1,-1
172,20,246.52,96.846,62.46,141.73,-1,-1,-1,-1
173,20,246.33,97.214,62.113,140.95,-1,-1,-1,-1
174,20,246.24,97.275,62.128,140.98,-1,-1,-1,-1
175,20,246.17,97.117,62.492,141.81,-1,-1,-1,-1
176,20,246.03,96.503,63.639,144.41,-1,-1,-1,-1
177,20,245.76,95.049,66.51,150.93,-1,-1,-1,-1
178,20,242.89,95.13,66.532,150.98,-1,-1,-1,-1
179,20,244.63,96.932,63.633,144.4,-1,-1,-1,-1
1,22,333.03,82.225,103.66,235.23,-1,-1,-1,-1
2,22,335.73,83.552,102.22,231.95,-1,-1,-1,-1
3,22,342.4,86.394,99.026,224.71,-1,-1,-1,-1
4,22,345.51,84,102.64,232.92,-1,-1,-1,-1
5,22,346.24,83.439,105.05,238.38,-1,-1,-1,-1
6,22,345.72,85.073,107.83,244.69,-1,-1,-1,-1
7,22,350.38,86.63,103.87,235.7,-1,-1,-1,-1
8,22,357.7,93.079,99.517,225.82,-1,-1,-1,-1
9,22,361.76,86.098,102.3,232.15,-1,-1,-1,-1
10,22,363.87,83.612,103.03,233.8,-1,-1,-1,-1
11,22,366.53,84.099,101.59,230.52,-1,-1,-1,-1
12,22,372.34,87.904,96.656,219.33,-1,-1,-1,-1
13,22,374.84,88.956,95.311,216.28,-1,-1,-1,-1
14,22,376.3,87.808,96.645,219.3,-1,-1,-1,-1
15,22,378.34,83.672,101.67,230.71,-1,-1,-1,-1
16,22,379.19,82.142,103.55,234.98,-1,-1,-1,-1
17,22,379.74,81.777,104.07,236.17,-1,-1,-1,-1
18,22,380.38,81.795,104.14,236.31,-1,-1,-1,-1
19,22,381.6,81.882,104.09,236.2,-1,-1,-1,-1
20,22,384.55,81.948,104.04,236.1,-1,-1,-1,-1
21,22,392.15,81.984,104.02,236.04,-1,-1,-1,-1
22,22,395.96,81.999,104.01,236.01,-1,-1,-1,-1
23,22,399.75,82,104.01,236.01,-1,-1,-1,-1
24,22,407.33,81.988,104.02,236.04,-1,-1,-1,-1
25,22,410.24,81.958,104.04,236.09,-1,-1,-1,-1
26,22,411.37,81.904,104.08,236.18,-1,-1,-1,-1
27,22,411.93,81.838,104.11,236.25,-1,-1,-1,-1
28,22,412.53,81.851,104.03,236.06,-1,-1,-1,-1
29,22,413.93,82.235,103.5,234.87,-1,-1,-1,-1
30,22,417.66,83.686,101.74,230.87,-1,-1,-1,-1
31,22,427.37,87.405,97.192,220.55,-1,-1,-1,-1
32,22,430.47,87.304,97.251,220.68,-1,-1,-1,-1
33,22,430.13,83.459,101.81,231.04,-1,-1,-1,-1
34,22,432.46,82.259,103.14,234.04,-1,-1,-1,-1
35,22,440.13,83.266,101.86,231.15,-1,-1,-1,-1
36,22,444.67,87.272,96.916,219.92,-1,-1,-1,-1
37,22,446.45,88.656,95.119,215.84,-1,-1,-1,-1
38,22,447.31,88.848,94.639,214.75,-1,-1,-1,-1
39,22,448.41,88.734,94.385,214.18,-1,-1,-1,-1
40,22,451.22,88.992,93.407,211.96,-1,-1,-1,-1
41,22,458.81,90.493,90.19,204.66,-1,-1,-1,-1
42,22,463.45,94.061,82.13,186.36,-1,-1,-1,-1
43,22,463.31,93.667,86.396,196.05,-1,-1,-1,-1
44,22,462.7,90.139,92.001,208.77,-1,-1,-1,-1
45,22,463.29,88.871,94.076,213.47,-1,-1,-1,-1
46,22,465.73,88.641,94.645,214.77,-1,-1,-1,-1
47,22,472.24,88.732,94.707,214.91,-1,-1,-1,-1
48,22,475.13,88.856,94.651,214.78,-1,-1,-1,-1
49,22,477.2,88.938,94.599,214.66,-1,-1,-1,-1
50,22,480.49,88.976,94.569,214.59,-1,-1,-1,-1
51,22,488.28,88.98,94.559,214.57,-1,-1,-1,-1
52,22,493.31,88.947,94.56,214.57,-1,-1,-1,-1
53,22,500.6,88.848,94.573,214.6,-1,-1,-1,-1
54,22,503.4,88.598,94.596,214.65,-1,-1,-1,-1
55,22,504.55,87.992,94.612,214.69,-1,-1,-1,-1
56,22,505.25,86.518,94.557,214.57,-1,-1,-1,-1
57,22,506.28,82.88,94.231,213.83,-1,-1,-1,-1
58,22,508.77,87.643,93.153,211.38,-1,-1,-1,-1
59,22,515.12,91.351,90.413,205.16,-1,-1,-1,-1
60,22,518.87,89.931,92.716,210.39,-1,-1,-1,-1
61,22,521.85,90.427,92.303,209.45,-1,-1,-1,-1
62,22,527.21,93.722,88.419,200.64,-1,-1,-1,-1
63,22,529.34,94.962,86.961,197.33,-1,-1,-1,-1
64,22,530.3,95.216,86.621,196.56,-1,-1,-1,-1
65,22,531.15,94.894,86.921,197.24,-1,-1,-1,-1
66,22,532.77,93.776,88.073,199.85,-1,-1,-1,-1
67,22,536.95,91.124,90.887,206.24,-1,-1,-1,-1
68,22,543.73,92.26,88.557,200.95,-1,-1,-1,-1
69,22,550.87,90.149,88.549,200.93,-1,-1,-1,-1
70,22,551.46,82.659,90.89,206.25,-1,-1,-1,-1
71,22,555,84.431,88.194,200.13,-1,-1,-1,-1
72,22,556.14,88.186,87.461,198.47,-1,-1,-1,-1
73,22,555.85,84.326,88.247,200.25,-1,-1,-1,-1
74,22,554.12,82.584,90.837,206.12,-1,-1,-1,-1
75,22,558.26,90.565,87.859,199.37,-1,-1,-1,-1
76,22,563.56,94.358,85.852,194.81,-1,-1,-1,-1
77,22,562.08,97.239,83.252,188.92,-1,-1,-1,-1
78,22,558.72,95.656,85.392,193.77,-1,-1,-1,-1
79,22,557.13,95.274,85.757,194.6,-1,-1,-1,-1
80,22,556.1,96.516,84,190.61,-1,-1,-1,-1
81,22,554.5,100.4,78.567,178.28,-1,-1,-1,-1
82,22,549.32,98.561,79.277,179.9,-1,-1,-1,-1
83,22,542.12,94.768,79.724,180.91,-1,-1,-1,-1
84,22,539.08,98.024,79.675,180.8,-1,-1,-1,-1
85,22,537.38,100.02,78.676,178.53,-1,-1,-1,-1
86,22,535.36,102.83,75.648,171.66,-1,-1,-1,-1
87,22,534.42,103.87,74.519,169.09,-1,-1,-1,-1
88,22,533.65,104.28,74.043,168.01,-1,-1,-1,-1
89,22,532.48,104.9,73.401,166.55,-1,-1,-1,-1
90,22,531.16,105.62,72.661,164.87,-1,-1,-1,-1
91,22,529.79,106.4,71.876,163.09,-1,-1,-1,-1
92,22,528.4,107.19,71.075,161.28,-1,-1,-1,-1
93,22,527.01,107.99,70.27,159.45,-1,-1,-1,-1
94,22,525.61,108.8,69.464,157.62,-1,-1,-1,-1
95,22,524.21,109.6,68.658,155.79,-1,-1,-1,-1
96,22,522.8,110.4,67.851,153.96,-1,-1,-1,-1
97,22,521.41,111.21,67.04,152.12,-1,-1,-1,-1
98,22,520.02,112.03,66.219,150.26,-1,-1,-1,-1
99,22,518.64,112.89,65.382,148.36,-1,-1,-1,-1
100,22,517.29,113.78,64.531,146.43,-1,-1,-1,-1
101,22,515.98,114.71,63.709,144.57,-1,-1,-1,-1
102,22,514.69,115.58,63.093,143.17,-1,-1,-1,-1
103,22,513.38,116.12,63.185,143.38,-1,-1,-1,-1
104,22,512.02,115.76,65.126,147.79,-1,-1,-1,-1
105,22,510.61,114.96,67.226,152.55,-1,-1,-1,-1
106,22,509.08,113.7,67.958,154.21,-1,-1,-1,-1
107,22,507.51,112.3,68.151,154.65,-1,-1,-1,-1
108,22,505.93,110.83,68.174,154.7,-1,-1,-1,-1
109,22,504.39,109.42,68.117,154.58,-1,-1,-1,-1
110,22,503.04,108.4,67.858,153.99,-1,-1,-1,-1
111,22,502.27,108.6,66.993,152.02,-1,-1,-1,-1
112,22,502.96,111.86,64.694,146.81,-1,-1,-1,-1
113,22,502.25,110.18,65.567,148.79,-1,-1,-1,-1
114,22,503.11,113.49,63.273,143.58,-1,-1,-1,-1
115,22,502.88,113.83,62.42,141.64,-1,-1,-1,-1
116,22,501.27,111.54,62.186,141.11,-1,-1,-1,-1
117,22,496.78,113.53,62.167,141.07,-1,-1,-1,-1
118,22,495.02,112.92,62.207,141.16,-1,-1,-1,-1
119,22,494.26,109.2,62.262,141.29,-1,-1,-1,-1
120,22,493.76,107.76,62.321,141.42,-1,-1,-1,-1
121,22,493.09,107.29,62.328,141.43,-1,-1,-1,-1
122,22,491.67,107.58,62.078,140.87,-1,-1,-1,-1
123,22,488.25,109.27,61.001,138.42,-1,-1,-1,-1
124,22,488.5,114.25,57.844,131.26,-1,-1,-1,-1
125,22,488.15,118.3,55.828,126.68,-1,-1,-1,-1
126,22,486.82,125.39,53.014,120.3,-1,-1,-1,-1
127,22,485.62,127.28,52.599,119.36,-1,-1,-1,-1
128,22,483.3,125.74,54.281,123.18,-1,-1,-1,-1
129,22,477.77,119.76,59.261,134.48,-1,-1,-1,-1
130,22,475.89,119.5,59.533,135.09,-1,-1,-1,-1
131,22,475.7,124.47,55.561,126.08,-1,-1,-1,-1
132,22,472.56,123.4,56.476,128.15,-1,-1,-1,-1
133,22,470.69,121.96,57.633,130.78,-1,-1,-1,-1
134,22,468.34,119.04,59.913,135.95,-1,-1,-1,-1
135,22,468.69,119.89,59.229,134.4,-1,-1,-1,-1
136,22,466.42,116.9,61.515,139.59,-1,-1,-1,-1
137,22,464.8,115.29,62.649,142.16,-1,-1,-1,-1
138,22,462.4,113.86,63.397,143.86,-1,-1,-1,-1
139,22,464.21,122.11,57.897,131.38,-1,-1,-1,-1
140,22,459.12,112.9,60.535,137.37,-1,-1,-1,-1
141,22,457.08,109.39,61.684,139.97,-1,-1,-1,-1
142,22,456.24,108.49,62.128,140.98,-1,-1,-1,-1
143,22,455.64,109.1,62.486,141.79,-1,-1,-1,-1
144,22,454.56,111.52,63.381,143.83,-1,-1,-1,-1
145,22,451.92,109.14,65.71,149.11,-1,-1,-1,-1
146,22,452.65,110.91,64.818,147.09,-1,-1,-1,-1
147,22,449.87,107.27,66.802,151.59,-1,-1,-1,-1
148,22,448.55,106.2,66.398,150.67,-1,-1,-1,-1
149,22,447.46,106.86,63.009,142.98,-1,-1,-1,-1
150,22,446.77,107.29,60.517,137.32,-1,-1,-1,-1
151,22,446.16,107.52,58.869,133.59,-1,-1,-1,-1
152,22,445.38,107.45,58.785,133.39,-1,-1,-1,-1
153,22,444.12,106.95,62.334,141.45,-1,-1,-1,-1
154,22,439.9,106.22,66.196,150.21,-1,-1,-1,-1
155,22,438.3,107.34,66.769,151.51,-1,-1,-1,-1
156,22,437.62,111.23,64.826,147.1,-1,-1,-1,-1
157,22,437.47,110.06,65.715,149.12,-1,-1,-1,-1
158,22,437.24,113.98,63.371,143.8,-1,-1,-1,-1
159,22,437.12,115.55,62.462,141.74,-1,-1,-1,-1
160,22,436.95,116.26,62.118,140.96,-1,-1,-1,-1
161,22,436.67,117.07,61.796,140.23,-1,-1,-1,-1
162,22,436.02,118.88,61.074,138.59,-1,-1,-1,-1
163,22,434.19,123.15,59.554,135.14,-1,-1,-1,-1
164,22,429.62,116.44,62.529,141.89,-1,-1,-1,-1
165,22,427.38,109.44,66.428,150.74,-1,-1,-1,-1
166,22,424.96,106.87,67.822,153.9,-1,-1,-1,-1
167,22,419.91,106.08,68.203,154.77,-1,-1,-1,-1
168,22,418.03,105.9,68.27,154.92,-1,-1,-1,-1
169,22,417.36,105.99,68.247,154.87,-1,-1,-1,-1
170,22,417.29,106.5,68.036,154.39,-1,-1,-1,-1
171,22,417.87,108.27,67.146,152.37,-1,-1,-1,-1
172,22,419.79,113.38,64.412,146.17,-1,-1,-1,-1
173,22,424.67,126.21,57.716,130.97,-1,-1,-1,-1
174,22,422.25,123.73,60.649,137.63,-1,-1,-1,-1
175,22,417.32,115.63,66.655,151.26,-1,-1,-1,-1
176,22,412.52,106.68,71.62,162.52,-1,-1,-1,-1
177,22,408.08,98.103,75.809,172.03,-1,-1,-1,-1
178,22,404.38,91.034,79.121,179.55,-1,-1,-1,-1
179,22,402.44,87.875,80.777,183.3,-1,-1,-1,-1
86,23,384,105.99,56.882,129.07,-1,-1,-1,-1
87,23,384,105.97,56.885,129.08,-1,-1,-1,-1
88,23,384,105.96,56.889,129.09,-1,-1,-1,-1
89,23,384,105.93,56.891,129.09,-1,-1,-1,-1
90,23,384.01,105.89,56.874,129.06,-1,-1,-1,-1
91,23,384.06,105.82,56.794,128.87,-1,-1,-1,-1
92,23,384.21,105.69,56.548,128.32,-1,-1,-1,-1
93,23,384.57,105.29,55.954,126.97,-1,-1,-1,-1
94,23,384.65,105.1,55.761,126.53,-1,-1,-1,-1
95,23,383.69,105.86,57.098,129.57,-1,-1,-1,-1
96,23,382.25,106.1,59.019,133.92,-1,-1,-1,-1
97,23,379.17,106.71,62.831,142.58,-1,-1,-1,-1
98,23,381.78,111.4,58.437,132.6,-1,-1,-1,-1
99,23,382.44,113.08,55.06,124.94,-1,-1,-1,-1
100,23,382.38,113.43,52.663,119.5,-1,-1,-1,-1
101,23,382.41,113.49,51.572,117.03,-1,-1,-1,-1
102,23,382.74,113.77,50.313,114.17,-1,-1,-1,-1
103,23,383.68,114.5,47.672,108.18,-1,-1,-1,-1
104,23,382.77,113.73,50.612,114.85,-1,-1,-1,-1
105,23,382.56,113.47,52.394,118.89,-1,-1,-1,-1
106,23,382.68,113.59,53.567,121.55,-1,-1,-1,-1
107,23,382.95,113.87,54.485,123.64,-1,-1,-1,-1
108,23,383.24,114.17,55.312,125.51,-1,-1,-1,-1
109,23,383.52,114.44,56.075,127.24,-1,-1,-1,-1
110,23,383.76,114.67,56.678,128.61,-1,-1,-1,-1
111,23,383.86,114.8,56.857,129.02,-1,-1,-1,-1
112,23,383.88,114.81,56.939,129.2,-1,-1,-1,-1
113,23,383.73,114.51,57.179,129.75,-1,-1,-1,-1
114,23,383.23,113.48,57.928,131.45,-1,-1,-1,-1
115,23,381.96,110.89,59.748,135.58,-1,-1,-1,-1
116,23,383.28,113.57,57.883,131.35,-1,-1,-1,-1
117,23,383.87,114.8,57.049,129.45,-1,-1,-1,-1
118,23,384.24,115.53,56.642,128.53,-1,-1,-1,-1
119,23,384.7,116.43,56.324,127.81,-1,-1,-1,-1
120,23,384.99,116.92,56.84,128.98,-1,-1,-1,-1
121,23,385.92,118.49,58.043,131.71,-1,-1,-1,-1
122,23,388.35,114.54,61.277,139.05,-1,-1,-1,-1
123,23,389.43,112.99,63.422,143.92,-1,-1,-1,-1
124,23,391.04,108.7,66.52,150.95,-1,-1,-1,-1
125,23,388.41,108.83,66.556,151.03,-1,-1,-1,-1
126,23,388.83,113.27,63.795,144.76,-1,-1,-1,-1
127,23,388.84,114.5,63.006,142.97,-1,-1,-1,-1
128,23,388.65,114.37,63.091,143.17,-1,-1,-1,-1
129,23,388.39,113.75,63.484,144.06,-1,-1,-1,-1
130,23,388.13,112.98,63.955,145.13,-1,-1,-1,-1
131,23,387.87,112.19,64.431,146.21,-1,-1,-1,-1
132,23,387.63,111.41,64.895,147.26,-1,-1,-1,-1
133,23,387.39,110.63,65.351,148.3,-1,-1,-1,-1
134,23,387.16,109.85,65.804,149.32,-1,-1,-1,-1
135,23,386.92,109.08,66.257,150.35,-1,-1,-1,-1
136,23,386.69,108.3,66.712,151.39,-1,-1,-1,-1
137,23,386.46,107.53,67.168,152.42,-1,-1,-1,-1
138,23,386.24,106.8,67.606,153.41,-1,-1,-1,-1
139,23,386.09,106.2,67.967,154.23,-1,-1,-1,-1
140,23,386.12,105.99,68.102,154.54,-1,-1,-1,-1
141,23,386.35,105.94,68.155,154.66,-1,-1,-1,-1
142,23,387.02,106.04,68.127,154.6,-1,-1,-1,-1
143,23,388.9,106.6,67.823,153.91,-1,-1,-1,-1
144,23,393.97,108.47,66.689,151.33,-1,-1,-1,-1
145,23,397.3,113.55,63.551,144.21,-1,-1,-1,-1
146,23,398.55,115.42,62.409,141.62,-1,-1,-1,-1
147,23,398.96,115.96,62.104,140.93,-1,-1,-1,-1
148,23,399.05,115.94,62.125,140.98,-1,-1,-1,-1
149,23,398.94,115.43,62.404,141.61,-1,-1,-1,-1
150,23,398.52,113.94,63.222,143.46,-1,-1,-1,-1
151,23,397.48,110.19,65.218,147.99,-1,-1,-1,-1
152,23,398.34,111.76,63.387,143.84,-1,-1,-1,-1
153,23,398.17,108.38,63.36,143.78,-1,-1,-1,-1
154,23,396.53,105.14,65.586,148.83,-1,-1,-1,-1
155,23,392.13,99.58,71.622,162.53,-1,-1,-1,-1
156,23,390.59,109.69,65.694,149.08,-1,-1,-1,-1
157,23,390.22,112.64,64.001,145.23,-1,-1,-1,-1
158,23,390.23,110.38,65.718,149.13,-1,-1,-1,-1
159,23,391.07,101.67,71.656,162.6,-1,-1,-1,-1
160,23,393.73,110.83,65.563,148.78,-1,-1,-1,-1
161,23,390.94,114.52,63.064,143.11,-1,-1,-1,-1
162,23,389.6,115.77,62.254,141.27,-1,-1,-1,-1
163,23,388.51,116.09,62.074,140.86,-1,-1,-1,-1
164,23,386.74,116.14,62.06,140.83,-1,-1,-1,-1
165,23,382.58,116.12,62.06,140.83,-1,-1,-1,-1
166,23,380.9,115.97,62.095,140.91,-1,-1,-1,-1
167,23,379.91,115.36,62.384,141.56,-1,-1,-1,-1
168,23,378.48,113.33,63.52,144.14,-1,-1,-1,-1
169,23,375.12,107.68,66.783,151.55,-1,-1,-1,-1
170,23,372.03,104.1,68.458,155.35,-1,-1,-1,-1
171,23,366.11,98.917,70.321,159.58,-1,-1,-1,-1
172,23,361.07,94.19,72.137,163.7,-1,-1,-1,-1
173,23,359.44,93.089,72.521,164.57,-1,-1,-1,-1
174,23,367.87,103.47,68.332,155.06,-1,-1,-1,-1
175,23,369.4,111.84,64.003,145.24,-1,-1,-1,-1
176,23,369.84,114.97,62.424,141.65,-1,-1,-1,-1
177,23,369.84,116.41,61.634,139.86,-1,-1,-1,-1
96,24,489.81,99.723,80.129,181.83,-1,-1,-1,-1
97,24,492.19,101.27,78.538,178.22,-1,-1,-1,-1
98,24,498.15,105.34,74.4,168.83,-1,-1,-1,-1
99,24,501.97,110.54,70.556,160.11,-1,-1,-1,-1
100,24,505.86,108.77,70.568,160.13,-1,-1,-1,-1
101,24,508.93,107.1,70.633,160.28,-1,-1,-1,-1
102,24,509.49,112.83,66.929,151.87,-1,-1,-1,-1
103,24,501.28,124.41,61.044,138.52,-1,-1,-1,-1
104,24,491.02,131.81,57.919,131.43,-1,-1,-1,-1
105,24,483.75,121.69,64.495,146.36,-1,-1,-1,-1
106,24,480.29,117.63,67.174,152.44,-1,-1,-1,-1
107,24,477.48,116.26,68.043,154.41,-1,-1,-1,-1
108,24,472.37,115.89,68.244,154.86,-1,-1,-1,-1
109,24,469.75,115.85,68.248,154.87,-1,-1,-1,-1
110,24,466.95,116.02,68.128,154.6,-1,-1,-1,-1
111,24,461.26,116.74,67.623,153.45,-1,-1,-1,-1
112,24,458.12,118.99,66,149.77,-1,-1,-1,-1
113,24,454.32,124.78,61.824,140.29,-1,-1,-1,-1
114,24,449.94,121.39,64.308,145.93,-1,-1,-1,-1
115,24,447,124.51,62.06,140.83,-1,-1,-1,-1
116,24,444.03,126.09,59.665,135.39,-1,-1,-1,-1
117,24,439.5,120.38,61.245,138.98,-1,-1,-1,-1
118,24,437.69,119.55,61.43,139.4,-1,-1,-1,-1
119,24,437.11,123.48,59.772,135.63,-1,-1,-1,-1
120,24,437.09,135.92,54.768,124.28,-1,-1,-1,-1
121,24,435.3,137.27,54.241,123.08,-1,-1,-1,-1
122,24,430.02,129.07,57.499,130.48,-1,-1,-1,-1
123,24,428.2,134.87,55.178,125.21,-1,-1,-1,-1
124,24,423.83,128.85,57.492,130.46,-1,-1,-1,-1
125,24,419.01,120.45,60.788,137.94,-1,-1,-1,-1
126,24,415.53,117.24,62.005,140.7,-1,-1,-1,-1
127,24,409.82,115.79,62.553,141.95,-1,-1,-1,-1
128,24,406,114.2,63.381,143.83,-1,-1,-1,-1
129,24,400.19,110.8,65.391,148.39,-1,-1,-1,-1
130,24,399.16,113.45,63.68,144.5,-1,-1,-1,-1
131,24,398.11,113,63.918,145.04,-1,-1,-1,-1
132,24,395.91,108.91,66.439,150.77,-1,-1,-1,-1
133,24,394.14,108.89,66.348,150.56,-1,-1,-1,-1
134,24,391.04,112.94,63.553,144.21,-1,-1,-1,-1
135,24,389.67,113.16,62.773,142.45,-1,-1,-1,-1
136,24,388.47,109.37,63.59,144.3,-1,-1,-1,-1
137,24,386.34,107.03,66.627,151.19,-1,-1,-1,-1
138,24,384.91,106.55,67.542,153.27,-1,-1,-1,-1
139,24,382.81,107.61,67.101,152.27,-1,-1,-1,-1
140,24,380.43,109.21,66.181,150.18,-1,-1,-1,-1
141,24,377.92,110.92,65.149,147.84,-1,-1,-1,-1
142,24,375.3,112.52,64.181,145.64,-1,-1,-1,-1
143,24,372.52,113.67,63.494,144.08,-1,-1,-1,-1
144,24,369.38,113.64,63.568,144.25,-1,-1,-1,-1
145,24,365.47,110.85,65.339,148.27,-1,-1,-1,-1
146,24,362.6,114.16,63.302,143.65,-1,-1,-1,-1
147,24,361.32,115.47,62.487,141.8,-1,-1,-1,-1
148,24,360.23,115.88,62.244,141.24,-1,-1,-1,-1
149,24,358.31,115.95,62.226,141.2,-1,-1,-1,-1
150,24,353.68,115.86,62.289,141.35,-1,-1,-1,-1
151,24,351.82,115.68,62.363,141.52,-1,-1,-1,-1
152,24,350.95,115.46,62.324,141.43,-1,-1,-1,-1
153,24,350.37,115.37,61.787,140.21,-1,-1,-1,-1
154,24,349.7,115.83,59.766,135.62,-1,-1,-1,-1
155,24,348.29,117.33,54.229,123.06,-1,-1,-1,-1
156,24,344.51,129.63,52.296,118.67,-1,-1,-1,-1
157,24,342.53,132.74,52.246,118.56,-1,-1,-1,-1
158,24,340.38,129.82,53.94,122.4,-1,-1,-1,-1
159,24,336.1,118.34,58.742,133.3,-1,-1,-1,-1
160,24,336.52,119.45,58.961,133.79,-1,-1,-1,-1
161,24,333.46,116.86,61.364,139.25,-1,-1,-1,-1
162,24,332.29,115.99,62.139,141.01,-1,-1,-1,-1
163,24,331.85,115.97,62.04,140.78,-1,-1,-1,-1
164,24,331.67,116.73,61.032,138.49,-1,-1,-1,-1
165,24,331.42,118.73,58.347,132.4,-1,-1,-1,-1
166,24,331.15,115.35,58.071,131.77,-1,-1,-1,-1
167,24,330.6,111.31,59.892,135.91,-1,-1,-1,-1
168,24,328.83,111.95,59.064,134.03,-1,-1,-1,-1
169,24,324.5,108.67,61.2,138.87,-1,-1,-1,-1
170,24,322.85,107.43,62.009,140.71,-1,-1,-1,-1
171,24,322.26,107.05,62.236,141.23,-1,-1,-1,-1
172,24,322.07,106.97,62.258,141.28,-1,-1,-1,-1
173,24,321.99,106.98,62.226,141.2,-1,-1,-1,-1
174,24,321.91,106.97,62.201,141.15,-1,-1,-1,-1
175,24,321.69,106.82,62.246,141.25,-1,-1,-1,-1
176,24,321.03,106.28,62.515,141.86,-1,-1,-1,-1
177,24,319.23,104.7,63.357,143.77,-1,-1,-1,-1
178,24,314.62,100.76,65.399,148.4,-1,-1,-1,-1
179,24,313.26,104.04,63.509,144.12,-1,-1,-1,-1
